"","date","cases","deaths","cum_cases","cum_deaths","p_cases","p_cases_low","p_cases_high","p_cases_active","p_cases_active_undetected","population"
"22580","2020/03/03",2,0,2,0,NA,NA,NA,1.94616574695739e-07,0,10276617
"22579","2020/03/04",2,0,4,0,0,NA,NA,3.89233149391478e-07,0,10276617
"22578","2020/03/05",1,0,5,0,0,NA,NA,4.86541436739347e-07,0,10276617
"22577","2020/03/06",4,0,9,0,0,NA,NA,8.75774586130825e-07,0,10276617
"22576","2020/03/07",4,0,13,0,0,0,NA,1.2650077355223e-06,0,10276617
"22575","2020/03/08",8,0,21,0,0,0,NA,2.04347403430526e-06,0,10276617
"22574","2020/03/09",9,0,30,0,0,0,NA,2.91924862043608e-06,0,10276617
"22573","2020/03/10",9,0,39,0,0,0,NA,3.79502320656691e-06,0,10276617
"22572","2020/03/11",2,0,41,0,0,0,NA,3.98963978126265e-06,0,10276617
"22571","2020/03/12",18,0,59,0,0,0,NA,5.7411889535243e-06,0,10276617
"22570","2020/03/13",19,0,78,0,0,0,NA,7.59004641313382e-06,0,10276617
"22569","2020/03/14",34,0,112,0,0,0,NA,1.08985281829614e-05,0,10276617
"22568","2020/03/15",57,0,169,0,0,0,NA,1.62504839870942e-05,0,10276617
"22567","2020/03/16",76,0,245,0,0,0,NA,2.34512972508365e-05,0,10276617
"22566","2020/03/17",86,0,331,0,0,0,NA,3.17225016754054e-05,0,10276617
"22565","2020/03/18",117,1,448,1,5.7754034301163e-05,8.41436256679976e-06,0.00039640893193987,4.64163533769873e-05,3.69801523127266e-06,10276617
"22564","2020/03/19",194,1,642,2,0.000118273179253857,4.54476938601931e-05,0.0003077943838877,8.17669905940261e-05,2.05600778522162e-05,10276617
"22563","2020/03/20",143,1,785,3,0.000155507994735022,8.22523592865942e-05,0.000294006599157199,0.000109316732253343,3.49732007195704e-05,10276617
"22562","2020/03/21",235,3,1020,6,0.000292651523078783,0.000213526240905229,0.000401097839765482,0.0001758655732785,7.95303688041093e-05,10276617
"22561","2020/03/22",260,6,1280,12,0.000542351387226679,0.000464281607324,0.000633548739787646,0.000285154924222788,0.000164395339624082,10276617
"22560","2020/03/23",320,2,1600,14,0.000593917692214094,0.000519163920299665,0.000679435167454072,0.000403743846090911,0.000252040226115583,10276617
"22559","2020/03/24",460,9,2060,23,0.000958008725252677,0.000883036067891209,0.00103934680703589,0.000615916575373131,0.000421202692390044,10276617
"22558","2020/03/25",302,10,2362,33,0.00121493745234314,0.00114768336594296,0.00128613261889813,0.000769406884131823,0.000547154755829289,10276617
"22557","2020/03/26",633,10,2995,43,0.00156729235988866,0.00149969803363851,0.00163793329474849,0.00109734917491943,0.000816809382495523,10276617
"22556","2020/03/27",549,17,3544,60,0.00204852292628863,0.00198424888121768,0.00211487894449758,0.00140913868790529,0.00108072321810623,10276617
"22555","2020/03/28",724,16,4268,76,0.00249721212961718,0.00243424277374475,0.00256181038619819,0.00182535656215374,0.00143388532215326,10276617
"22554","2020/03/29",902,24,5170,100,0.00321166168197585,0.00314881389259768,0.00327576386261512,0.0023773205131057,0.00190644571062936,10276617
"22553","2020/03/30",792,19,5962,119,0.00358233577601154,0.00352210197640982,0.00364359967373045,0.00283811967156253,0.00230156177512638,10276617
"22552","2020/03/31",446,21,6408,140,0.00370972443269446,0.00365544436676173,0.00376481050885796,0.00306057847425817,0.00249949888941035,10276617
"22551","2020/04/01",1035,20,7443,160,0.00408734842368884,0.00403380941922447,0.00414159802815959,0.00360062398906212,0.0029527454119,10276617
"22550","2020/04/02",808,27,8251,187,0.00446089884268975,0.00440959615786187,0.00451279839974273,0.0039700441516466,0.00326640792583416,10276617
"22549","2020/04/03",783,22,9034,209,0.00464984692718011,0.00460089759048715,0.00469931703998589,0.00426289321075001,0.00350836475065463,10276617
"22548","2020/04/04",852,37,9886,246,0.00515775045939485,0.00511017181773433,0.00520577208560129,0.00458861739953807,0.00378232093057362,10276617
"22547","2020/04/05",638,20,10524,266,0.00516723764257495,0.00512224805064432,0.00521262238588485,0.00468794831074178,0.00386433096662941,10276617
"22546","2020/04/06",754,29,11278,295,0.00540069018744303,0.00535721576694456,0.00544451740785099,0.00489367674528,0.0040260760552864,10276617
"22545","2020/04/07",452,16,11730,311,0.00526160123622258,0.00522076818863751,0.00530275365017574,0.00476517480126243,0.00391518691127879,10276617
"22544","2020/04/08",712,34,12442,345,0.00555607299649659,0.00551615287989591,0.00559628201294181,0.00476578791807629,0.00389993877725495,10276617
"22543","2020/04/09",699,35,13141,380,0.00585603331568184,0.00581680439537131,0.00589552679847103,0.00465367048855463,0.00379025405491698,10276617
"22542","2020/04/10",815,29,13956,409,0.00611218938550268,0.00607329331447268,0.00615133456426768,0.00445027657097736,0.00359532595833898,10276617
"22541","2020/04/11",1516,26,15472,435,0.00662163576646468,0.0065812234920475,0.00666229619412047,0.00462320507107445,0.00369780325839621,10276617
"22540","2020/04/12",515,35,15987,470,0.00681561712976033,0.00677614957863267,0.00685531455887015,0.00458456246367989,0.00365244637917465,10276617
"22539","2020/04/13",598,34,16585,504,0.00700516722086725,0.00696642801753544,0.00704412184677588,0.00426877179778119,0.00337917943484697,10276617
"22538","2020/04/14",349,31,16934,535,0.00704261006767432,0.00700512397718001,0.00708029675518663,0.00397707116235253,0.00313214330331098,10276617
"22537","2020/04/15",514,32,17448,567,0.00717038390822283,0.0071335882792492,0.00720736933204564,0.00378528905754599,0.00296653712780102,10276617
"22536","2020/04/16",643,32,18091,599,0.00736460972626433,0.0073280785168561,0.00740132304743047,0.00360253822899336,0.00280412373130409,10276617
"22535","2020/04/17",750,30,18841,629,0.00758954616731864,0.00755299557300648,0.00762627363793526,0.00359139861841743,0.0027820855925452,10276617
"22534","2020/04/18",181,28,19022,657,0.00757092064803359,0.00753538791257561,0.00760662093628431,0.00330237058433603,0.00254881520711412,10276617
"22533","2020/04/19",663,30,19685,687,0.00777736843231361,0.00774180923960619,0.00781309095327503,0.00336156715943466,0.00258747973358236,10276617
"22532","2020/04/20",521,27,20206,714,0.00790550493264882,0.00787014957535172,0.00794101911809495,0.0032474568204606,0.00249195527749175,10276617
"22531","2020/04/21",657,21,20863,735,0.00803002295343073,0.0079946837443639,0.00806551837376713,0.00318883565616735,0.0024374210612671,10276617
"22530","2020/04/22",516,27,21379,762,0.00817247516835647,0.0081372280810307,0.00820787493140332,0.00302914661599177,0.00230682719900853,10276617
"22529","2020/04/23",603,23,21982,785,0.00830964591238643,0.0082743845321152,0.00834505755941572,0.00260828221437421,0.00197480526373958,10276617
"22528","2020/04/24",371,35,22353,820,0.00848840864023759,0.00845324619956698,0.00852371734391825,0.00252961102346749,0.00191014646621095,10276617
"22527","2020/04/25",918,60,23271,880,0.00913666639460967,0.00910025872909662,0.009173219717312,0.00263745337807128,0.00198685016886342,10276617
"22526","2020/04/26",412,23,23683,903,0.00920625626129421,0.00917005150864499,0.00924260395579203,0.00265246536331384,0.00199573173200307,10276617
"22525","2020/04/27",163,25,23846,928,0.00920125329722653,0.00916556676880046,0.0092370787726859,0.00250412870776936,0.00188155028531769,10276617
"22524","2020/04/28",298,20,24144,948,0.00920702403967386,0.00917168926703435,0.00924249494276014,0.00235601052528657,0.00176700346196992,10276617
"22523","2020/04/29",180,25,24324,973,0.00922964922031121,0.00919468465865322,0.009264746741458,0.00212219526110547,0.00158865392157711,10276617
"22522","2020/04/30",368,16,24692,989,0.00925318291036442,0.00921840125487792,0.00928809579940487,0.00218806154697426,0.00163632355771184,10276617
"22521","2020/05/01",295,18,24987,1007,0.00928319342457922,0.00924860094722881,0.00931791528793039,0.00203571481705613,0.00151978627753772,10276617
"22520","2020/05/02",364,0,25351,1007,0.00918671657738913,0.00915246047095006,0.00922110089862159,0.00196378257821239,0.00146313143980761,10276617
"22519","2020/05/03",-161,16,25190,1023,0.00905877686094501,0.00902525168496384,0.00909242656945599,0.00165300937351359,0.00123195641415936,10276617
"22518","2020/05/04",334,40,25524,1063,0.00933200814488496,0.00929812252137999,0.00936601725950092,0.00157787594346808,0.00117453309241116,10276617
"22517","2020/05/05",0,0,25524,1063,0.00914711487793591,0.00911388333533294,0.00918046759121697,0.00134992960168075,0.0010052636478946,10276617
"22516","2020/05/06",178,11,25702,1074,0.00913626635591859,0.00910323056149768,0.00916942203785697,0.00127231822358766,0.000946432769259648,10276617
"22515","2020/05/07",480,15,26182,1089,0.00927872111114834,0.00924538836563726,0.00931217403245726,0.00108200151784779,0.000798737093378144,10276617
"22514","2020/05/08",533,16,26715,1105,0.00945581758785887,0.00942208079097684,0.00948967518305384,0.00111050160448639,0.000815462877247653,10276617
"22513","2020/05/09",553,9,27268,1114,0.00958103321508617,0.00954697347504771,0.00961521446650147,0.00124191127657818,0.000908922317273774,10276617
"22512","2020/05/10",138,12,27406,1126,0.00958312611483514,0.00954922508139833,0.00961714750150043,0.00117652737333783,0.000859107740009081,10276617
"22511","2020/05/11",175,9,27581,1135,0.0095707597085364,0.00953702127978185,0.00960461749128436,0.00116895302736433,0.000852019935472315,10276617
"22510","2020/05/12",98,9,27679,1144,0.00953440040304986,0.00950090701565804,0.0095680118641158,0.00106480458077797,0.000774144726469879,10276617
"22509","2020/05/13",234,19,27913,1163,0.00963321627694183,0.00959963281875165,0.00966691722386155,0.00103596299546817,0.000751238946688305,10276617
"22508","2020/05/14",219,12,28132,1175,0.00967455362012809,0.00964098109328389,0.00970824305567151,0.000979370150533262,0.000708755803418837,10276617
"22507","2020/05/15",187,9,28319,1184,0.00968557251556534,0.00965207390612678,0.00971918738570033,0.00110122577834796,0.000796748147236477,10276617
"22506","2020/05/16",264,6,28583,1190,0.00970323230105023,0.00966974364759286,0.00973683693378804,0.0010687312722084,0.000771065221211271,10276617
"22505","2020/05/17",227,13,28810,1203,0.00976928449571163,0.00973573196226205,0.00980295266222355,0.00114570550270221,0.000825950470477111,10276617
"22504","2020/05/18",226,15,29036,1218,0.00985389816846654,0.00982024322188124,0.00988766845388858,0.00115912924346643,0.000834703413448629,10276617
"22503","2020/05/19",173,13,29209,1231,0.00990660018583121,0.00987292447480284,0.00994039076186399,0.001047695666369,0.000753143480566995,10276617
"22502","2020/05/20",223,16,29432,1247,0.0100026979478755,0.0099688909622283,0.0100366195814092,0.000934827765201834,0.000670441148477673,10276617
"22501","2020/05/21",228,16,29660,1263,0.0101028525930369,0.0100688996278339,0.0101369200497821,0.000818184516137158,0.000585423092801054,10276617
"22500","2020/05/22",252,14,29912,1277,0.0101971662105883,0.0101630614591818,0.0102313854092088,0.000855837896718716,0.000611983328624955,10276617
"22499","2020/05/23",288,12,30200,1289,0.0102892388918384,0.0102549651996185,0.0103236271320802,0.000893234470865538,0.000638384066301468,10276617
"22498","2020/05/24",271,13,30471,1302,0.0103841413749928,0.0103497012959232,0.0104186960582439,0.000951830525989777,0.000680145787714526,10276617
"22497","2020/05/25",152,14,30623,1316,0.0104463182780981,0.01041183139983,0.0104809193864883,0.00092292467286872,0.000659219214155994,10276617
"22496","2020/05/26",165,14,30788,1330,0.0105131724335363,0.0104786219491383,0.0105478368390185,0.000903953411681581,0.00064550260048564,10276617
"22495","2020/05/27",219,12,31007,1342,0.0105842408639126,0.0105495888298341,0.0106190067188694,0.000914751938280078,0.000653187261889005,10276617
"22494","2020/05/28",285,14,31292,1356,0.0106956264150703,0.010660763675175,0.0107306031628049,0.00092254355813276,0.000658935407707382,10276617
"22493","2020/05/29",304,13,31596,1369,0.0108068459283612,0.0107717618558995,0.0108420442710935,0.000949547083121352,0.000678446194570187,10276617
"22492","2020/05/30",350,14,31946,1383,0.0109416496083999,0.0109062793136909,0.0109771346129665,0.000992726430017351,0.000709559313835051,10276617
"22491","2020/05/31",257,13,32203,1396,0.0110353733319822,0.0109998385900113,0.0110710228681728,0.00102212045476824,0.00073077944244872,10276617
"22490","2020/06/01",297,14,32500,1410,0.0111488570955473,0.011113105098849,0.0111847241100787,0.00104821554305259,0.000749673717469323,10276617
"22489","2020/06/02",200,14,32700,1424,0.0112275745170374,0.0111917162854443,0.0112635476383168,0.001039223876275,0.000743406682737476,10276617
"22488","2020/06/03",195,12,32895,1436,0.0112879914157788,0.0112520629001661,0.0113240346533092,0.00102023036053366,0.000729959739374969,10276617
"22487","2020/06/04",366,11,33261,1447,0.0113996811254661,0.0113635083762795,0.0114359690211146,0.00104754852254684,0.000749687854975008,10276617
"22486","2020/06/05",331,8,33592,1455,0.0114759852436711,0.0114396489977443,0.0115124369059684,0.00106827410158339,0.000764574936770687,10276617
"22485","2020/06/06",377,10,33969,1465,0.0115825436215732,0.0115459695807651,0.0116192335175679,0.00114497004005033,0.000819376510584356,10276617
"22484","2020/06/07",382,9,34351,1474,0.0116806608347289,0.0116438654335832,0.0117175725118272,0.00121852221014285,0.000871812782322396,10276617
"22483","2020/06/08",142,5,34493,1479,0.0116627869014987,0.0116260933488385,0.0116995962640674,0.00119177964672719,0.000852562957032519,10276617
"22482","2020/06/09",392,6,34885,1485,0.0117356231469917,0.0116987563411112,0.0117726061328605,0.00122623873100896,0.000876610054568069,10276617
"22481","2020/06/10",421,7,35306,1492,0.0118253073943721,0.0117882251125155,0.0118625063261581,0.00126326971095484,0.000902255964894245,10276617
"22480","2020/06/11",294,3,35600,1495,0.0118388599166212,0.0118017595565488,0.0118760769064819,0.00124116348661249,0.000885599004643379,10276617
"22479","2020/06/12",310,9,35910,1504,0.0119030144492851,0.0118657993459699,0.0119403462715734,0.00125584940088085,0.000895127579682296,10276617
"22478","2020/06/13",270,1,36180,1505,0.0118892875575202,0.0118521189122328,0.0119265727649347,0.00124269202566404,0.000884597528223884,10276617
"22477","2020/06/14",283,7,36463,1512,0.0119267968713307,0.0118895759850632,0.0119641342793627,0.00126658920148161,0.000900418116191577,10276617
"22476","2020/06/15",227,5,36690,1517,0.0119305362810703,0.0118933479961187,0.0119678408468655,0.0012734884167308,0.000904203466245638,10276617
"22475","2020/06/16",346,3,37036,1520,0.0119580927973655,0.0119208426179598,0.0119954593759143,0.0012597633425938,0.000892424557855592,10276617
"22474","2020/06/17",300,2,37336,1522,0.011963749868401,0.0119264960309772,0.0120011200726437,0.00124281471174588,0.000878492483915458,10276617
"22473","2020/06/18",336,1,37672,1523,0.0119732320055719,0.0119359525944975,0.0120106278509634,0.00122105788503424,0.000860725296985075,10276617
"22472","2020/06/19",417,1,38089,1524,0.0120079555460558,0.0119705720590576,0.0120454557797803,0.00122262680726524,0.000858888429158902,10276617
"22471","2020/06/20",375,3,38464,1527,0.0120437616212034,0.0120062909552589,0.0120813492300749,0.00129203287167498,0.000905621662616589,10276617
"22470","2020/06/21",377,1,38841,1528,0.0120622095816949,0.0120246855764385,0.0120998506836489,0.00127723927787684,0.000892287693128667,10276617
"22469","2020/06/22",292,2,39133,1530,0.0120600127439481,0.0120225096588858,0.0120976328163473,0.00122621913829434,0.000853820322614046,10276617
"22468","2020/06/23",259,4,39392,1534,0.0120620820625306,0.0120246066488996,0.012099674270554,0.00120775623297457,0.000838763207351447,10276617
"22467","2020/06/24",345,6,39737,1540,0.0121060153746564,0.0120684575503352,0.0121436900813682,0.00121010661627187,0.000837707800591579,10276617
"22466","2020/06/25",367,3,40104,1543,0.0121332871825274,0.0120956687993763,0.0121710225615036,0.0012324148106485,0.000850577091095461,10276617
"22465","2020/06/26",311,6,40415,1549,0.0121670281410485,0.0121293590137496,0.0122048142541791,0.00123347471526275,0.000848912363663965,10276617
"22464","2020/06/27",451,6,40866,1555,0.0122423688825409,0.0122045203220044,0.0122803348187297,0.0012947684512014,0.000888409043236698,10276617
"22463","2020/06/28",323,6,41189,1561,0.0122783760379004,0.0122404697257834,0.0123163997383636,0.00127933861160868,0.000875217294252976,10276617
"22462","2020/06/29",457,3,41646,1564,0.0123291259342952,0.0122910868028119,0.0123672827913749,0.00131850116089305,0.000899102442423736,10276617
"22461","2020/06/30",266,4,41912,1568,0.0123296643983544,0.0122916571882387,0.0123677891311117,0.00128996264458794,0.000877375506232974,10276617
"22460","2020/07/01",229,8,42141,1576,0.0123496928359245,0.0123116963003215,0.0123878066369866,0.00122560896638199,0.000831315786048428,10276617
"22459","2020/07/02",313,3,42454,1579,0.0123556546602244,0.0123176632951607,0.0123937632020434,0.00119928416420522,0.000811024097687217,10276617
"22458","2020/07/03",328,8,42782,1587,0.0124064735668206,0.012368397883824,0.0124446664644839,0.00117732313478847,0.000793831174350515,10276617
"22457","2020/07/04",374,11,43156,1598,0.012495126048323,0.0124568788422597,0.0125334906873957,0.00119562022672823,0.000804148986727752,10276617
"22456","2020/07/05",413,7,43569,1605,0.0125640994872886,0.0125257028878824,0.0126026137885802,0.00123541059593376,0.00082895387968171,10276617
"22455","2020/07/06",328,9,43897,1614,0.0126236110371408,0.0125851130410059,0.0126622267990599,0.00122462923137556,0.000819826756008425,10276617
"22454","2020/07/07",232,6,44129,1620,0.0126312632827088,0.012592793383889,0.0126698507037551,0.0011800015250232,0.000788335668448025,10276617
"22453","2020/07/08",287,9,44416,1629,0.0126781943856108,0.0126396609043062,0.0127168453407299,0.00116829613430109,0.000778965676622262,10276617
"22452","2020/07/09",443,2,44859,1631,0.0127160518741841,0.0126774169974421,0.0127548044920797,0.00115876444281683,0.000770212451436791,10276617
"22451","2020/07/10",418,13,45277,1644,0.0128328825850103,0.0127940093638335,0.012871873918288,0.00118095259894956,0.000783156320271465,10276617
"22450","2020/07/11",402,2,45679,1646,0.0128582598207896,0.0128193233509588,0.01289731455339,0.00115881930781212,0.000766374984938162,10276617
"22449","2020/07/12",542,8,46221,1654,0.0129680304384303,0.0129288310492946,0.0130073486776076,0.00123263412421613,0.000813332714034156,10276617
"22448","2020/07/13",291,6,46512,1660,0.0129891862012559,0.0129499733038085,0.0130285178365022,0.00124679038519844,0.000821455861200902,10276617
"22447","2020/07/14",306,2,46818,1662,0.0129809397936597,0.0129417651109087,0.0130202330580535,0.0012405387701442,0.000815885404158095,10276617
"22446","2020/07/15",233,6,47051,1668,0.0129831908857346,0.0129440593061654,0.0130224407651729,0.0012097148322014,0.000794305753513341,10276617
"22445","2020/07/16",375,8,47426,1676,0.0130410388650696,0.0130018009314459,0.0130803952142453,0.00120454535861062,0.000789038971635221,10276617
"22444","2020/07/17",339,3,47765,1679,0.0130514321092507,0.0130121853003976,0.0130907972926865,0.00117807677131494,0.000769771197603279,10276617
"22443","2020/07/18",312,3,48077,1682,0.0130553793259656,0.0130161430568768,0.0130947338700921,0.00116847673904205,0.000761728097927959,10276617
"22442","2020/07/19",313,2,48390,1684,0.0130526785535126,0.013013463821128,0.0130920114554527,0.0011864985854373,0.000771867973048024,10276617
"22441","2020/07/20",246,5,48636,1689,0.0130561693759685,0.0130169845253804,0.0130954721841766,0.00117061458151832,0.000759973608910308,10276617
