"","date","cases","deaths","cum_cases","cum_deaths","p_cases","p_cases_daily","p_cases_active","population"
"1","2020/03/10",1,0,1,0,2.30789114139064e-06,2.30789114139064e-06,2.30789114139064e-06,433296
"2","2020/03/12",10,0,11,0,2.53868025552971e-05,2.30789114139064e-05,2.53868025552971e-05,433296
"3","2020/03/13",14,0,25,0,5.76972785347661e-05,3.2310475979469e-05,5.76972785347661e-05,433296
"4","2020/03/14",12,0,37,0,8.53919722314538e-05,2.76946936966877e-05,8.53919722314538e-05,433296
"5","2020/03/15",3,0,40,0,9.23156456556257e-05,6.92367342417193e-06,9.23156456556257e-05,433296
"6","2020/03/16",10,0,50,0,0.000115394557069532,2.30789114139064e-05,0.000115394557069532,433296
"7","2020/03/17",4,0,54,0,0.000124626121635095,9.23156456556257e-06,0.000124626121635095,433296
"8","2020/03/18",2,0,56,0,0.000129241903917876,4.61578228278129e-06,0.000129241903917876,433296
"9","2020/03/19",12,0,68,0,0.000156936597614564,2.76946936966877e-05,0.000156936597614564,433296
"10","2020/03/20",5,0,73,0,0.000168476053321517,1.15394557069532e-05,0.000168476053321517,433296
"11","2020/03/21",5,0,78,0,0.00018001550902847,1.15394557069532e-05,0.00018001550902847,433296
"12","2020/03/22",5,0,83,0,0.000191554964735423,1.15394557069532e-05,0.000191554964735423,433296
"13","2020/03/23",5,0,88,0,0.000203094420442377,1.15394557069532e-05,0.000200786529300986,433296
"14","2020/03/24",3,0,91,0,0.000210018093866549,6.92367342417193e-06,0.000184631291311251,433296
"15","2020/03/25",13,0,104,0,0.000240020678704627,3.00025848380784e-05,0.000182323400169861,433296
"16","2020/03/26",3,0,107,0,0.000246944352128799,6.92367342417193e-06,0.000161552379897345,433296
"17","2020/03/27",7,0,114,0,0.000263099590118533,1.61552379897345e-05,0.000170783944462908,433296
"18","2020/03/28",1,0,115,0,0.000265407481259924,2.30789114139064e-06,0.000150012924190392,433296
"19","2020/03/29",5,1,120,1,0.000276946936966877,1.15394557069532e-05,0.000152320815331782,433296
"20","2020/03/30",6,0,126,1,0.000290794283815221,1.38473468483439e-05,0.000161552379897345,433296
"21","2020/03/31",1,0,127,1,0.000293102174956612,2.30789114139064e-06,0.000136165577342048,433296
"22","2020/04/01",2,0,129,1,0.000297717957239393,4.61578228278129e-06,0.000129241903917876,433296
"23","2020/04/02",2,0,131,1,0.000302333739522174,4.61578228278129e-06,0.000122318230493704,433296
"24","2020/04/03",2,0,133,1,0.000306949521804956,4.61578228278129e-06,0.000115394557069532,433296
"25","2020/04/04",0,0,133,1,0.000306949521804956,0,0.000103855101362579,433296
"26","2020/04/05",2,0,135,1,0.000311565304087737,4.61578228278129e-06,0.000101547210221188,433296
"27","2020/04/06",0,0,135,1,0.000311565304087737,0,7.15446253831099e-05,433296
"28","2020/04/07",0,0,135,1,0.000311565304087737,0,6.4620951958938e-05,433296
"29","2020/04/08",0,0,135,1,0.000311565304087737,0,4.84657139692035e-05,433296
"30","2020/04/09",0,0,135,1,0.000311565304087737,0,4.61578228278129e-05,433296
"31","2020/04/10",0,0,135,1,0.000311565304087737,0,3.46183671208596e-05,433296
"32","2020/04/11",1,0,136,1,0.000313873195229127,2.30789114139064e-06,2.30789114139064e-05,433296
"33","2020/04/12",0,0,136,1,0.000313873195229127,0,2.07710202725158e-05,433296
"34","2020/04/13",0,0,136,1,0.000313873195229127,0,1.61552379897345e-05,433296
"35","2020/04/14",0,0,136,1,0.000313873195229127,0,1.15394557069532e-05,433296
"36","2020/04/15",0,0,136,1,0.000313873195229127,0,6.92367342417193e-06,433296
"37","2020/04/16",0,0,136,1,0.000313873195229127,0,6.92367342417193e-06,433296
"38","2020/04/17",0,0,136,1,0.000313873195229127,0,2.30789114139064e-06,433296
"39","2020/04/18",0,0,136,1,0.000313873195229127,0,2.30789114139064e-06,433296
"40","2020/04/19",1,0,137,1,0.000316181086370518,2.30789114139064e-06,4.61578228278129e-06,433296
"41","2020/04/20",1,0,138,1,0.000318488977511909,2.30789114139064e-06,6.92367342417193e-06,433296
"42","2020/04/21",0,0,138,1,0.000318488977511909,0,6.92367342417193e-06,433296
"43","2020/04/22",0,0,138,1,0.000318488977511909,0,6.92367342417193e-06,433296
"44","2020/04/23",0,0,138,1,0.000318488977511909,0,4.61578228278129e-06,433296
"45","2020/04/24",0,0,138,1,0.000318488977511909,0,4.61578228278129e-06,433296
"46","2020/04/25",0,0,138,1,0.000318488977511909,0,4.61578228278129e-06,433296
"47","2020/04/26",0,0,138,1,0.000318488977511909,0,4.61578228278129e-06,433296
"48","2020/04/27",0,0,138,1,0.000318488977511909,0,4.61578228278129e-06,433296
"49","2020/04/28",0,0,138,1,0.000318488977511909,0,4.61578228278129e-06,433296
"50","2020/04/29",0,0,138,1,0.000318488977511909,0,4.61578228278129e-06,433296
"51","2020/04/30",0,0,138,1,0.000318488977511909,0,4.61578228278129e-06,433296
"52","2020/05/01",0,0,138,1,0.000318488977511909,0,2.30789114139064e-06,433296
"53","2020/05/02",0,0,138,1,0.000318488977511909,0,0,433296
"54","2020/05/03",0,0,138,1,0.000318488977511909,0,0,433296
"55","2020/05/04",0,0,138,1,0.000318488977511909,0,0,433296
"56","2020/05/05",0,0,138,1,0.000318488977511909,0,0,433296
"57","2020/05/06",0,0,138,1,0.000318488977511909,0,0,433296
"58","2020/05/07",1,0,139,1,0.000320796868653299,2.30789114139064e-06,2.30789114139064e-06,433296
"59","2020/05/08",2,0,141,1,0.000325412650936081,4.61578228278129e-06,6.92367342417193e-06,433296
"60","2020/05/09",0,0,141,1,0.000325412650936081,0,6.92367342417193e-06,433296
"61","2020/05/10",0,0,141,1,0.000325412650936081,0,6.92367342417193e-06,433296
"62","2020/05/11",0,0,141,1,0.000325412650936081,0,6.92367342417193e-06,433296
"63","2020/05/12",0,0,141,1,0.000325412650936081,0,6.92367342417193e-06,433296
"64","2020/05/13",0,0,141,1,0.000325412650936081,0,6.92367342417193e-06,433296
"65","2020/05/14",0,0,141,1,0.000325412650936081,0,6.92367342417193e-06,433296
"66","2020/05/15",0,0,141,1,0.000325412650936081,0,6.92367342417193e-06,433296
"67","2020/05/16",0,0,141,1,0.000325412650936081,0,6.92367342417193e-06,433296
"68","2020/05/17",0,0,141,1,0.000325412650936081,0,6.92367342417193e-06,433296
"69","2020/05/18",0,0,141,1,0.000325412650936081,0,6.92367342417193e-06,433296
"70","2020/05/19",0,0,141,1,0.000325412650936081,0,4.61578228278129e-06,433296
"71","2020/05/20",0,0,141,1,0.000325412650936081,0,0,433296
"72","2020/05/21",0,0,141,1,0.000325412650936081,0,0,433296
"73","2020/05/22",0,0,141,1,0.000325412650936081,0,0,433296
"74","2020/05/23",0,0,141,1,0.000325412650936081,0,0,433296
"75","2020/05/24",0,0,141,1,0.000325412650936081,0,0,433296
"76","2020/05/25",0,0,141,1,0.000325412650936081,0,0,433296
"77","2020/05/26",0,0,141,1,0.000325412650936081,0,0,433296
"78","2020/05/27",0,0,141,1,0.000325412650936081,0,0,433296
"79","2020/05/28",0,1,141,2,0.000325412650936081,0,0,433296
"80","2020/05/29",0,0,141,2,0.000325412650936081,0,0,433296
"81","2020/05/30",0,0,141,2,0.000325412650936081,0,0,433296
"82","2020/05/31",0,0,141,2,0.000325412650936081,0,0,433296
"83","2020/06/01",0,0,141,2,0.000325412650936081,0,0,433296
"84","2020/06/02",0,0,141,2,0.000325412650936081,0,0,433296
"85","2020/06/03",0,0,141,2,0.000325412650936081,0,0,433296
"86","2020/06/04",0,0,141,2,0.000325412650936081,0,0,433296
"87","2020/06/05",0,0,141,2,0.000325412650936081,0,0,433296
"88","2020/06/06",0,0,141,2,0.000325412650936081,0,0,433296
"89","2020/06/07",0,0,141,2,0.000325412650936081,0,0,433296
"90","2020/06/08",0,0,141,2,0.000325412650936081,0,0,433296
"91","2020/06/09",0,0,141,2,0.000325412650936081,0,0,433296
"92","2020/06/10",0,0,141,2,0.000325412650936081,0,0,433296
"93","2020/06/11",0,0,141,2,0.000325412650936081,0,0,433296
"94","2020/06/12",0,0,141,2,0.000325412650936081,0,0,433296
"95","2020/06/13",0,0,141,2,0.000325412650936081,0,0,433296
"96","2020/06/14",0,0,141,2,0.000325412650936081,0,0,433296
"97","2020/06/15",0,0,141,2,0.000325412650936081,0,0,433296
"98","2020/06/16",0,0,141,2,0.000325412650936081,0,0,433296
"99","2020/06/17",0,1,141,3,0.000325412650936081,0,0,433296
"100","2020/06/18",0,0,141,3,0.000325412650936081,0,0,433296
"101","2020/06/19",0,0,141,3,0.000325412650936081,0,0,433296
"102","2020/06/20",0,0,141,3,0.000325412650936081,0,0,433296
"103","2020/06/21",0,0,141,3,0.000325412650936081,0,0,433296
"104","2020/06/22",0,0,141,3,0.000325412650936081,0,0,433296
"105","2020/06/23",0,0,141,3,0.000325412650936081,0,0,433296
"106","2020/06/24",0,0,141,3,0.000325412650936081,0,0,433296
"107","2020/06/25",0,0,141,3,0.000325412650936081,0,0,433296
"108","2020/06/26",0,0,141,3,0.000325412650936081,0,0,433296
"109","2020/06/27",0,0,141,3,0.000325412650936081,0,0,433296
"110","2020/06/28",0,0,141,3,0.000325412650936081,0,0,433296
"111","2020/06/29",0,0,141,3,0.000325412650936081,0,0,433296
"112","2020/06/30",0,0,141,3,0.000325412650936081,0,0,433296
"113","2020/07/01",0,0,141,3,0.000325412650936081,0,0,433296
"114","2020/07/02",0,0,141,3,0.000325412650936081,0,0,433296
"115","2020/07/03",0,0,141,3,0.000325412650936081,0,0,433296
"116","2020/07/04",0,0,141,3,0.000325412650936081,0,0,433296
"117","2020/07/05",0,0,141,3,0.000325412650936081,0,0,433296
"118","2020/07/06",0,0,141,3,0.000325412650936081,0,0,433296
"119","2020/07/07",0,0,141,3,0.000325412650936081,0,0,433296
"120","2020/07/08",0,0,141,3,0.000325412650936081,0,0,433296
"121","2020/07/09",0,0,141,3,0.000325412650936081,0,0,433296
"122","2020/07/10",0,0,141,3,0.000325412650936081,0,0,433296
"123","2020/07/11",0,0,141,3,0.000325412650936081,0,0,433296
"124","2020/07/12",0,0,141,3,0.000325412650936081,0,0,433296
"125","2020/07/13",0,0,141,3,0.000325412650936081,0,0,433296
"126","2020/07/14",0,0,141,3,0.000325412650936081,0,0,433296
"127","2020/07/15",0,0,141,3,0.000325412650936081,0,0,433296
"128","2020/07/16",0,0,141,3,0.000325412650936081,0,0,433296
"129","2020/07/17",0,0,141,3,0.000325412650936081,0,0,433296
"130","2020/07/18",0,0,141,3,0.000325412650936081,0,0,433296
"131","2020/07/19",0,0,141,3,0.000325412650936081,0,0,433296
"132","2020/07/20",0,0,141,3,0.000325412650936081,0,0,433296
"133","2020/07/21",0,0,141,3,0.000325412650936081,0,0,433296
