"","date","cases","deaths","cum_cases","cum_deaths","p_cases","p_cases_daily","p_cases_active","population"
"1","2020/03/16",1,0,1,0,2.56748637948476e-06,2.56748637948476e-06,2.56748637948476e-06,389486
"2","2020/03/17",0,0,1,0,2.56748637948476e-06,0,2.56748637948476e-06,389486
"3","2020/03/20",2,0,3,0,7.70245913845427e-06,5.13497275896951e-06,7.70245913845427e-06,389486
"4","2020/03/21",1,0,4,0,1.0269945517939e-05,2.56748637948476e-06,1.0269945517939e-05,389486
"5","2020/03/22",0,0,4,0,1.0269945517939e-05,0,1.0269945517939e-05,389486
"6","2020/03/23",0,0,4,0,1.0269945517939e-05,0,1.0269945517939e-05,389486
"7","2020/03/24",0,0,4,0,1.0269945517939e-05,0,1.0269945517939e-05,389486
"8","2020/03/25",0,0,4,0,1.0269945517939e-05,0,1.0269945517939e-05,389486
"9","2020/03/26",1,0,5,0,1.28374318974238e-05,2.56748637948476e-06,1.28374318974238e-05,389486
"10","2020/03/27",4,0,9,0,2.31073774153628e-05,1.0269945517939e-05,2.31073774153628e-05,389486
"11","2020/03/28",0,0,9,0,2.31073774153628e-05,0,2.31073774153628e-05,389486
"12","2020/03/29",2,0,11,0,2.82423501743323e-05,5.13497275896951e-06,2.82423501743323e-05,389486
"13","2020/03/30",3,0,14,0,3.59448093127866e-05,7.70245913845427e-06,3.33773229333018e-05,389486
"14","2020/03/31",0,0,14,0,3.59448093127866e-05,0,3.33773229333018e-05,389486
"15","2020/04/01",1,0,15,0,3.85122956922714e-05,2.56748637948476e-06,3.08098365538171e-05,389486
"16","2020/04/02",6,1,21,1,5.39172139691799e-05,1.54049182769085e-05,4.36472684512409e-05,389486
"17","2020/04/03",3,0,24,1,6.16196731076342e-05,7.70245913845427e-06,5.13497275896951e-05,389486
"18","2020/04/04",0,2,24,3,6.16196731076342e-05,0,5.13497275896951e-05,389486
"19","2020/04/05",4,1,28,4,7.18896186255732e-05,1.0269945517939e-05,6.16196731076342e-05,389486
"20","2020/04/06",1,1,29,5,7.44571050050579e-05,2.56748637948476e-06,6.41871594871189e-05,389486
"21","2020/04/07",4,0,33,5,8.4727050522997e-05,1.0269945517939e-05,7.18896186255732e-05,389486
"22","2020/04/08",3,1,36,6,9.24295096614512e-05,7.70245913845427e-06,6.93221322460884e-05,389486
"23","2020/04/09",4,1,40,7,0.00010269945517939,1.0269945517939e-05,7.95920777640275e-05,389486
"24","2020/04/10",1,1,41,8,0.000105266941558875,2.56748637948476e-06,7.70245913845427e-05,389486
"25","2020/04/11",1,0,42,8,0.00010783442793836,2.56748637948476e-06,7.18896186255732e-05,389486
"26","2020/04/12",4,0,46,8,0.000118104373456299,1.0269945517939e-05,8.21595641435122e-05,389486
"27","2020/04/13",1,0,47,8,0.000120671859835784,2.56748637948476e-06,8.21595641435122e-05,389486
"28","2020/04/14",2,0,49,8,0.000125806832594753,5.13497275896951e-06,7.18896186255732e-05,389486
"29","2020/04/15",0,0,49,8,0.000125806832594753,0,6.41871594871189e-05,389486
"30","2020/04/16",4,0,53,8,0.000136076778112692,1.0269945517939e-05,7.44571050050579e-05,389486
"31","2020/04/17",1,1,54,9,0.000138644264492177,2.56748637948476e-06,6.67546458666037e-05,389486
"32","2020/04/18",1,0,55,9,0.000141211750871662,2.56748637948476e-06,6.67546458666037e-05,389486
"33","2020/04/19",3,0,58,9,0.000148914210010116,7.70245913845427e-06,6.41871594871189e-05,389486
"34","2020/04/20",2,0,60,9,0.000154049182769085,5.13497275896951e-06,6.16196731076342e-05,389486
"35","2020/04/21",4,0,64,9,0.000164319128287024,1.0269945517939e-05,6.16196731076342e-05,389486
"36","2020/04/22",1,0,65,9,0.000166886614666509,2.56748637948476e-06,6.16196731076342e-05,389486
"37","2020/04/23",5,0,70,9,0.000179724046563933,1.28374318974238e-05,7.18896186255732e-05,389486
"38","2020/04/24",2,2,72,11,0.000184859019322902,5.13497275896951e-06,6.67546458666037e-05,389486
"39","2020/04/25",1,0,73,11,0.000187426505702387,2.56748637948476e-06,6.67546458666037e-05,389486
"40","2020/04/26",5,0,78,11,0.000200263937599811,1.28374318974238e-05,7.44571050050579e-05,389486
"41","2020/04/27",2,0,80,11,0.000205398910358781,5.13497275896951e-06,7.95920777640275e-05,389486
"42","2020/04/28",0,0,80,11,0.000205398910358781,0,6.93221322460884e-05,389486
"43","2020/04/29",0,0,80,11,0.000205398910358781,0,6.67546458666037e-05,389486
"44","2020/04/30",0,0,80,11,0.000205398910358781,0,6.41871594871189e-05,389486
"45","2020/05/01",1,0,81,11,0.000207966396738265,2.56748637948476e-06,5.90521867281494e-05,389486
"46","2020/05/02",1,0,82,11,0.00021053388311775,2.56748637948476e-06,5.64847003486647e-05,389486
"47","2020/05/03",1,0,83,11,0.000213101369497235,2.56748637948476e-06,4.87822412102104e-05,389486
"48","2020/05/04",0,0,83,11,0.000213101369497235,0,4.62147548307256e-05,389486
"49","2020/05/05",0,0,83,11,0.000213101369497235,0,3.33773229333018e-05,389486
"50","2020/05/06",6,0,89,11,0.000228506287774143,1.54049182769085e-05,4.36472684512409e-05,389486
"51","2020/05/07",3,0,92,11,0.000236208746912598,7.70245913845427e-06,4.87822412102104e-05,389486
"52","2020/05/08",0,0,92,11,0.000236208746912598,0,3.59448093127866e-05,389486
"53","2020/05/09",0,0,92,11,0.000236208746912598,0,3.08098365538171e-05,389486
"54","2020/05/10",0,0,92,11,0.000236208746912598,0,3.08098365538171e-05,389486
"55","2020/05/11",0,0,92,11,0.000236208746912598,0,3.08098365538171e-05,389486
"56","2020/05/12",1,0,93,11,0.000238776233292082,2.56748637948476e-06,3.33773229333018e-05,389486
"57","2020/05/13",0,0,93,11,0.000238776233292082,0,3.08098365538171e-05,389486
"58","2020/05/14",1,0,94,11,0.000241343719671567,2.56748637948476e-06,3.08098365538171e-05,389486
"59","2020/05/15",2,0,96,11,0.000246478692430537,5.13497275896951e-06,3.33773229333018e-05,389486
"60","2020/05/16",0,0,96,11,0.000246478692430537,0,3.33773229333018e-05,389486
"61","2020/05/17",0,0,96,11,0.000246478692430537,0,3.33773229333018e-05,389486
"62","2020/05/18",0,0,96,11,0.000246478692430537,0,1.79724046563933e-05,389486
"63","2020/05/19",0,0,96,11,0.000246478692430537,0,1.0269945517939e-05,389486
"64","2020/05/20",0,0,96,11,0.000246478692430537,0,1.0269945517939e-05,389486
"65","2020/05/21",1,0,97,11,0.000249046178810021,2.56748637948476e-06,1.28374318974238e-05,389486
"66","2020/05/22",0,0,97,11,0.000249046178810021,0,1.28374318974238e-05,389486
"67","2020/05/23",0,0,97,11,0.000249046178810021,0,1.28374318974238e-05,389486
"68","2020/05/24",3,0,100,11,0.000256748637948476,7.70245913845427e-06,1.79724046563933e-05,389486
"69","2020/05/25",0,0,100,11,0.000256748637948476,0,1.79724046563933e-05,389486
"70","2020/05/26",0,0,100,11,0.000256748637948476,0,1.54049182769085e-05,389486
"71","2020/05/27",0,0,100,11,0.000256748637948476,0,1.0269945517939e-05,389486
"72","2020/05/28",0,0,100,11,0.000256748637948476,0,1.0269945517939e-05,389486
"73","2020/05/29",1,0,101,11,0.00025931612432796,2.56748637948476e-06,1.28374318974238e-05,389486
"74","2020/05/30",1,0,102,11,0.000261883610707445,2.56748637948476e-06,1.54049182769085e-05,389486
"75","2020/05/31",0,0,102,11,0.000261883610707445,0,1.54049182769085e-05,389486
"76","2020/06/01",0,0,102,11,0.000261883610707445,0,1.54049182769085e-05,389486
"77","2020/06/02",0,0,102,11,0.000261883610707445,0,1.28374318974238e-05,389486
"78","2020/06/03",0,0,102,11,0.000261883610707445,0,1.28374318974238e-05,389486
"79","2020/06/04",0,0,102,11,0.000261883610707445,0,1.28374318974238e-05,389486
"80","2020/06/05",0,0,102,11,0.000261883610707445,0,5.13497275896951e-06,389486
"81","2020/06/06",0,0,102,11,0.000261883610707445,0,5.13497275896951e-06,389486
"82","2020/06/07",1,0,103,11,0.00026445109708693,2.56748637948476e-06,7.70245913845427e-06,389486
"83","2020/06/08",0,0,103,11,0.00026445109708693,0,7.70245913845427e-06,389486
"84","2020/06/09",0,0,103,11,0.00026445109708693,0,7.70245913845427e-06,389486
"85","2020/06/10",0,0,103,11,0.00026445109708693,0,5.13497275896951e-06,389486
"86","2020/06/11",0,0,103,11,0.00026445109708693,0,2.56748637948476e-06,389486
"87","2020/06/12",0,0,103,11,0.00026445109708693,0,2.56748637948476e-06,389486
"88","2020/06/13",0,0,103,11,0.00026445109708693,0,2.56748637948476e-06,389486
"89","2020/06/14",0,0,103,11,0.00026445109708693,0,2.56748637948476e-06,389486
"90","2020/06/15",0,0,103,11,0.00026445109708693,0,2.56748637948476e-06,389486
"91","2020/06/16",1,0,104,11,0.000267018583466415,2.56748637948476e-06,5.13497275896951e-06,389486
"92","2020/06/17",0,0,104,11,0.000267018583466415,0,5.13497275896951e-06,389486
"93","2020/06/18",0,0,104,11,0.000267018583466415,0,5.13497275896951e-06,389486
"94","2020/06/19",0,0,104,11,0.000267018583466415,0,2.56748637948476e-06,389486
"95","2020/06/20",0,0,104,11,0.000267018583466415,0,2.56748637948476e-06,389486
"96","2020/06/21",0,0,104,11,0.000267018583466415,0,2.56748637948476e-06,389486
"97","2020/06/22",0,0,104,11,0.000267018583466415,0,2.56748637948476e-06,389486
"98","2020/06/23",0,0,104,11,0.000267018583466415,0,2.56748637948476e-06,389486
"99","2020/06/24",0,0,104,11,0.000267018583466415,0,2.56748637948476e-06,389486
"100","2020/06/25",0,0,104,11,0.000267018583466415,0,2.56748637948476e-06,389486
"101","2020/06/26",0,0,104,11,0.000267018583466415,0,2.56748637948476e-06,389486
"102","2020/06/27",0,0,104,11,0.000267018583466415,0,2.56748637948476e-06,389486
"103","2020/06/28",0,0,104,11,0.000267018583466415,0,0,389486
"104","2020/06/29",0,0,104,11,0.000267018583466415,0,0,389486
"105","2020/06/30",0,0,104,11,0.000267018583466415,0,0,389486
"106","2020/07/01",0,0,104,11,0.000267018583466415,0,0,389486
"107","2020/07/02",0,0,104,11,0.000267018583466415,0,0,389486
"108","2020/07/03",0,0,104,11,0.000267018583466415,0,0,389486
"109","2020/07/04",0,0,104,11,0.000267018583466415,0,0,389486
"110","2020/07/05",0,0,104,11,0.000267018583466415,0,0,389486
"111","2020/07/06",0,0,104,11,0.000267018583466415,0,0,389486
"112","2020/07/07",0,0,104,11,0.000267018583466415,0,0,389486
"113","2020/07/08",0,0,104,11,0.000267018583466415,0,0,389486
"114","2020/07/09",2,0,106,11,0.000272153556225384,5.13497275896951e-06,5.13497275896951e-06,389486
"115","2020/07/10",1,0,107,11,0.000274721042604869,2.56748637948476e-06,7.70245913845427e-06,389486
"116","2020/07/11",1,0,108,11,0.000277288528984354,2.56748637948476e-06,1.0269945517939e-05,389486
"117","2020/07/12",3,0,111,11,0.000284990988122808,7.70245913845427e-06,1.79724046563933e-05,389486
"118","2020/07/13",0,0,111,11,0.000284990988122808,0,1.79724046563933e-05,389486
"119","2020/07/14",2,0,113,11,0.000290125960881778,5.13497275896951e-06,2.31073774153628e-05,389486
"120","2020/07/15",3,0,116,11,0.000297828420020232,7.70245913845427e-06,3.08098365538171e-05,389486
"121","2020/07/16",3,0,119,11,0.000305530879158686,7.70245913845427e-06,3.85122956922714e-05,389486
"122","2020/07/17",5,0,124,11,0.00031836831105611,1.28374318974238e-05,5.13497275896951e-05,389486
"123","2020/07/18",5,0,129,11,0.000331205742953534,1.28374318974238e-05,6.41871594871189e-05,389486
"124","2020/07/19",9,0,138,11,0.000354313120368896,2.31073774153628e-05,8.72945369024817e-05,389486
"125","2020/07/20",15,0,153,11,0.000392825416061168,3.85122956922714e-05,0.000125806832594753,389486
"126","2020/07/21",21,0,174,11,0.000446742630030348,5.39172139691799e-05,0.000174589073804963,389486
