"","date","cases","deaths","cum_cases","cum_deaths","p_cases","p_cases_daily","p_cases_active","population"
"1","2020/03/19",1,0,1,0,1.02716122425292e-06,1.02716122425292e-06,1.02716122425292e-06,973557
"2","2020/03/20",0,0,1,0,1.02716122425292e-06,0,1.02716122425292e-06,973557
"3","2020/03/21",0,0,1,0,1.02716122425292e-06,0,1.02716122425292e-06,973557
"4","2020/03/22",0,0,1,0,1.02716122425292e-06,0,1.02716122425292e-06,973557
"5","2020/03/23",0,0,1,0,1.02716122425292e-06,0,1.02716122425292e-06,973557
"6","2020/03/24",2,0,3,0,3.08148367275876e-06,2.05432244850584e-06,3.08148367275876e-06,973557
"7","2020/03/25",0,0,3,0,3.08148367275876e-06,0,3.08148367275876e-06,973557
"8","2020/03/26",9,0,12,0,1.2325934691035e-05,9.24445101827628e-06,1.2325934691035e-05,973557
"9","2020/03/27",0,0,12,0,1.2325934691035e-05,0,1.2325934691035e-05,973557
"10","2020/03/28",1,0,13,0,1.3353095915288e-05,1.02716122425292e-06,1.3353095915288e-05,973557
"11","2020/03/29",2,0,15,0,1.54074183637938e-05,2.05432244850584e-06,1.54074183637938e-05,973557
"12","2020/03/30",4,0,19,0,1.95160632608055e-05,4.10864489701168e-06,1.95160632608055e-05,973557
"13","2020/03/31",7,0,26,0,2.67061918305759e-05,7.19012856977044e-06,2.5679030606323e-05,973557
"14","2020/04/01",5,0,31,0,3.18419979518405e-05,5.1358061212646e-06,3.08148367275876e-05,973557
"15","2020/04/02",3,0,34,0,3.49234816245993e-05,3.08148367275876e-06,3.38963204003464e-05,973557
"16","2020/04/03",7,0,41,0,4.21136101943697e-05,7.19012856977044e-06,4.10864489701168e-05,973557
"17","2020/04/04",0,0,41,0,4.21136101943697e-05,0,4.10864489701168e-05,973557
"18","2020/04/05",10,0,51,0,5.23852224368989e-05,1.02716122425292e-05,4.93037387641402e-05,973557
"19","2020/04/06",8,0,59,0,6.06025122309223e-05,8.21728979402336e-06,5.75210285581635e-05,973557
"20","2020/04/07",31,0,90,0,9.24445101827628e-05,3.18419979518405e-05,8.01185754917278e-05,973557
"21","2020/04/08",31,0,121,0,0.000124286508134603,3.18419979518405e-05,0.000111960573443568,973557
"22","2020/04/09",14,0,135,0,0.000138666765274144,1.43802571395409e-05,0.000125313669358856,973557
"23","2020/04/10",5,1,140,1,0.000143802571395409,5.1358061212646e-06,0.000128395153031615,973557
"24","2020/04/11",10,0,150,1,0.000154074183637938,1.02716122425292e-05,0.000134558120377133,973557
"25","2020/04/12",37,1,187,2,0.000192079148935296,3.8004965297358e-05,0.00016537295710472,973557
"26","2020/04/13",27,0,214,2,0.000219812501990125,2.77333530548288e-05,0.000187970504038284,973557
"27","2020/04/14",84,0,298,2,0.00030609404482737,8.62815428372453e-05,0.000271170563202771,973557
"28","2020/04/15",65,0,363,2,0.00037285952440381,6.67654795764398e-05,0.00033074591420944,973557
"29","2020/04/16",72,0,435,2,0.00044681513255002,7.39556081462102e-05,0.00040470152235565,973557
"30","2020/04/17",156,0,591,2,0.000607052283533476,0.000160237150983456,0.000554667061096577,973557
"31","2020/04/18",141,0,732,2,0.000751882016153137,0.000144829732619662,0.000691279503922215,973557
"32","2020/04/19",0,0,732,2,0.000751882016153137,0,0.000659437505970375,973557
"33","2020/04/20",114,0,846,2,0.00086897839571797,0.000117096379564833,0.000744691887583367,973557
"34","2020/04/21",0,0,846,2,0.00086897839571797,0,0.000730311630443826,973557
"35","2020/04/22",99,0,945,2,0.000970667356919009,0.000101688961201039,0.000826864785523601,973557
"36","2020/04/23",29,0,974,2,0.00100045503242234,2.97876755033347e-05,0.000846380848784406,973557
"37","2020/04/24",12,0,986,2,0.00101278096711338,1.2325934691035e-05,0.000820701818178083,973557
"38","2020/04/25",13,0,999,2,0.00102613406302867,1.3353095915288e-05,0.000806321561038542,973557
"39","2020/04/26",9,0,1008,2,0.00103537851404694,9.24445101827628e-06,0.000729284469219573,973557
"40","2020/04/27",15,0,1023,2,0.00105078593241074,1.54074183637938e-05,0.000677926408006927,973557
"41","2020/04/28",12,0,1035,2,0.00106311186710177,1.2325934691035e-05,0.000616296734551752,973557
"42","2020/04/29",37,0,1072,2,0.00110111683239913,3.8004965297358e-05,0.000494064548865655,973557
"43","2020/04/30",5,0,1077,2,0.00110625263852039,5.1358061212646e-06,0.000354370622367257,973557
"44","2020/05/01",12,0,1089,2,0.00111857857321143,1.2325934691035e-05,0.000366696557058292,973557
"45","2020/05/02",8,0,1097,2,0.00112679586300545,8.21728979402336e-06,0.000257817467287483,973557
"46","2020/05/03",15,0,1112,2,0.00114220328136925,1.54074183637938e-05,0.000273224885651277,973557
"47","2020/05/04",0,0,1112,2,0.00114220328136925,0,0.000171535924450238,973557
"48","2020/05/05",4,0,1116,2,0.00114631192626626,4.10864489701168e-06,0.000145856893843915,973557
"49","2020/05/06",4,0,1120,2,0.00115042057116327,4.10864489701168e-06,0.000137639604049891,973557
"50","2020/05/07",0,1,1120,3,0.00115042057116327,0,0.000124286508134603,973557
"51","2020/05/08",13,0,1133,3,0.00116377366707856,1.3353095915288e-05,0.000128395153031615,973557
"52","2020/05/09",2,0,1135,3,0.00116582798952706,2.05432244850584e-06,0.000115042057116327,973557
"53","2020/05/10",54,0,1189,3,0.00122129469563672,5.54667061096577e-05,0.00015818282853495,973557
"54","2020/05/11",21,0,1210,3,0.00124286508134603,2.15703857093113e-05,0.000141748248946903,973557
"55","2020/05/12",17,0,1227,3,0.00126032682215833,1.74617408122996e-05,0.000154074183637938,973557
"56","2020/05/13",29,0,1256,3,0.00129011449766167,2.97876755033347e-05,0.000171535924450238,973557
"57","2020/05/14",12,0,1268,3,0.0013024404323527,1.2325934691035e-05,0.000175644569347249,973557
"58","2020/05/15",16,0,1284,3,0.00131887501194075,1.64345795880467e-05,0.000176671730571502,973557
"59","2020/05/16",25,1,1309,4,0.00134455404254707,2.5679030606323e-05,0.000202350761177825,973557
"60","2020/05/17",22,0,1331,4,0.00136715158948064,2.25975469335642e-05,0.000220839663214378,973557
"61","2020/05/18",70,0,1401,4,0.00143905287517834,7.19012856977044e-05,0.000288632304015071,973557
"62","2020/05/19",117,3,1518,7,0.00155923073841593,0.000120177863237592,0.000408810167252662,973557
"63","2020/05/20",0,0,1518,7,0.00155923073841593,0,0.000395457071337374,973557
"64","2020/05/21",310,2,1828,9,0.00187765071793434,0.000318419979518405,0.000711822728407273,973557
"65","2020/05/22",219,1,2047,10,0.00210259902604573,0.000224948308111389,0.000881304330409005,973557
"66","2020/05/23",223,0,2270,10,0.00233165597905413,0.000229056953008401,0.0010887908977081,973557
"67","2020/05/24",0,0,2270,10,0.00233165597905413,0,0.0010713291568958,973557
"68","2020/05/25",0,0,2270,10,0.00233165597905413,0,0.00104154148139246,973557
"69","2020/05/26",198,4,2468,14,0.00253503390145621,0.000203377922402078,0.0012325934691035,973557
"70","2020/05/27",0,0,2468,14,0.00253503390145621,0,0.00121615888951546,973557
"71","2020/05/28",229,4,2697,18,0.00277025382181013,0.000235219920353919,0.00142569977926305,973557
"72","2020/05/29",217,2,2914,20,0.00299314780747301,0.000222893985662884,0.00162599621799237,973557
"73","2020/05/30",0,0,2914,20,0.00299314780747301,0,0.00155409493229467,973557
"74","2020/05/31",280,2,3194,22,0.00328075295026383,0.000287605142790818,0.00172152221184789,973557
"75","2020/06/01",160,2,3354,24,0.00344509874614429,0.000164345795880467,0.00188586800772836,973557
"76","2020/06/02",215,0,3569,24,0.00366593840935867,0.000220839663214378,0.00178828769142433,973557
"77","2020/06/03",210,1,3779,25,0.00388164226645178,0.000215703857093113,0.00177904324040606,973557
"78","2020/06/04",156,1,3935,26,0.00404187941743524,0.000160237150983456,0.00171022343838111,973557
"79","2020/06/05",119,0,4054,26,0.00416411160312134,0.000122232185686097,0.00183245562406721,973557
"80","2020/06/06",69,0,4123,26,0.00423498572759479,7.08741244734515e-05,0.00190332974854066,973557
"81","2020/06/07",46,0,4169,26,0.00428223514391042,4.72494163156343e-05,0.00174720124245422,973557
"82","2020/06/08",38,2,4207,28,0.00432126727043203,3.9032126521611e-05,0.00178623336897583,973557
"83","2020/06/09",71,3,4278,31,0.00439419571735399,7.29284469219573e-05,0.00162394189554387,973557
"84","2020/06/10",53,3,4331,34,0.0044486352622394,5.44395448854048e-05,0.00145548745476639,973557
"85","2020/06/11",42,0,4373,34,0.00449177603365802,4.31407714186226e-05,0.00149862822618501,973557
"86","2020/06/12",25,3,4398,37,0.00451745506426434,2.5679030606323e-05,0.00123670211400052,973557
"87","2020/06/13",43,1,4441,38,0.00456162299690722,4.41679326428756e-05,0.00111652425076292,973557
"88","2020/06/14",8,3,4449,41,0.00456984028670124,8.21728979402336e-06,0.00090390187734257,973557
"89","2020/06/15",16,2,4465,43,0.00458627486628929,1.64345795880467e-05,0.000704632599837503,973557
"90","2020/06/16",36,0,4501,43,0.00462325267036239,3.69778040731051e-05,0.000581373252927153,973557
"91","2020/06/17",38,0,4539,43,0.004662284796884,3.9032126521611e-05,0.000498173193762666,973557
"92","2020/06/18",6,0,4545,43,0.00466844776422952,6.16296734551752e-06,0.000433462036634732,973557
"93","2020/06/19",12,0,4557,43,0.00468077369892056,1.2325934691035e-05,0.000398538555010133,973557
"94","2020/06/20",8,2,4565,45,0.00468899098871458,8.21728979402336e-06,0.000367723718282545,973557
"95","2020/06/21",0,0,4565,45,0.00468899098871458,0,0.000294795271360588,973557
"96","2020/06/22",17,0,4582,45,0.00470645272952688,1.74617408122996e-05,0.000257817467287483,973557
"97","2020/06/23",17,3,4599,48,0.00472391447033918,1.74617408122996e-05,0.00023213843668116,973557
"98","2020/06/24",18,1,4617,49,0.00474240337237573,1.84889020365526e-05,0.000224948308111389,973557
"99","2020/06/25",13,3,4630,52,0.00475575646829102,1.3353095915288e-05,0.000194133471383802,973557
"100","2020/06/26",5,0,4635,52,0.00476089227441228,5.1358061212646e-06,0.000191051987711043,973557
"101","2020/06/27",8,0,4643,52,0.00476910956420631,8.21728979402336e-06,0.00018283469791702,973557
"102","2020/06/28",0,0,4643,52,0.00476910956420631,0,0.000145856893843915,973557
"103","2020/06/29",0,0,4643,52,0.00476910956420631,0,0.000106824767322304,973557
"104","2020/06/30",13,1,4656,53,0.0047824626601216,1.3353095915288e-05,0.000114014895892074,973557
"105","2020/07/01",26,1,4682,54,0.00480916885195217,2.67061918305759e-05,0.000128395153031615,973557
"106","2020/07/02",22,1,4704,55,0.00483176639888574,2.25975469335642e-05,0.000142775410171156,973557
"107","2020/07/03",11,0,4715,55,0.00484306517235252,1.12987734667821e-05,0.000154074183637938,973557
"108","2020/07/04",21,0,4736,55,0.00486463555806183,2.15703857093113e-05,0.00015818282853495,973557
"109","2020/07/05",0,0,4736,55,0.00486463555806183,0,0.00014072108772265,973557
"110","2020/07/06",56,0,4792,55,0.00492215658661999,5.75210285581635e-05,0.000179753214244261,973557
"111","2020/07/07",30,0,4822,55,0.00495297142334758,3.08148367275876e-05,0.000197214955056561,973557
"112","2020/07/08",56,0,4878,55,0.00501049245190574,5.75210285581635e-05,0.00024960017749346,973557
"113","2020/07/09",11,0,4889,55,0.00502179122537253,1.12987734667821e-05,0.000252681661166218,973557
"114","2020/07/10",66,1,4955,56,0.00508958386617322,6.77926408006927e-05,0.000320474301966911,973557
"115","2020/07/11",0,0,4955,56,0.00508958386617322,0,0.000320474301966911,973557
"116","2020/07/12",0,0,4955,56,0.00508958386617322,0,0.000307121206051623,973557
"117","2020/07/13",17,0,4972,56,0.00510704560698552,1.74617408122996e-05,0.000297876755033347,973557
"118","2020/07/14",5,0,4977,56,0.00511218141310678,5.1358061212646e-06,0.000280415014221047,973557
"119","2020/07/15",2,0,4979,56,0.00511423573555529,2.05432244850584e-06,0.000271170563202771,973557
"120","2020/07/16",6,0,4985,56,0.00512039870290081,6.16296734551752e-06,0.000255763144838977,973557
"121","2020/07/17",8,0,4993,56,0.00512861599269483,8.21728979402336e-06,0.000263980434633,973557
"122","2020/07/18",10,0,5003,56,0.00513888760493736,1.02716122425292e-05,0.000216731018317366,973557
"123","2020/07/19",0,0,5003,56,0.00513888760493736,0,0.000185916181589779,973557
"124","2020/07/20",8,0,5011,56,0.00514710489473138,8.21728979402336e-06,0.000136612442825638,973557
"125","2020/07/21",9,0,5020,56,0.00515634934574966,9.24445101827628e-06,0.000134558120377133,973557
