"","date","cases","deaths","cum_cases","cum_deaths","p_cases","p_cases_daily","p_cases_active","population"
"1","2020/03/20",1,0,1,0,1.55115716324378e-05,1.55115716324378e-05,1.55115716324378e-05,64468
"2","2020/03/21",0,0,1,0,1.55115716324378e-05,0,1.55115716324378e-05,64468
"3","2020/03/22",0,0,1,0,1.55115716324378e-05,0,1.55115716324378e-05,64468
"4","2020/03/23",16,0,17,0,0.000263696717751443,0.000248185146119005,0.000263696717751443,64468
"5","2020/03/24",3,0,20,0,0.000310231432648756,4.65347148973134e-05,0.000310231432648756,64468
"6","2020/03/25",3,0,23,0,0.000356766147546069,4.65347148973134e-05,0.000356766147546069,64468
"7","2020/03/26",7,0,30,0,0.000465347148973134,0.000108581001427065,0.000465347148973134,64468
"8","2020/03/27",4,0,34,0,0.000527393435502885,6.20462865297512e-05,0.000527393435502885,64468
"9","2020/03/28",2,0,36,0,0.000558416578767761,3.10231432648756e-05,0.000558416578767761,64468
"10","2020/03/29",3,0,39,0,0.000604951293665074,4.65347148973134e-05,0.000604951293665074,64468
"11","2020/03/30",6,0,45,0,0.000698020723459701,9.30694297946268e-05,0.000698020723459701,64468
"12","2020/03/31",0,0,45,0,0.000698020723459701,0,0.000698020723459701,64468
"13","2020/04/01",15,0,60,0,0.000930694297946268,0.000232673574486567,0.00091518272631383,64468
"14","2020/04/02",18,0,78,0,0.00120990258733015,0.00027920828938388,0.00119439101569771,64468
"15","2020/04/03",13,0,91,0,0.00141155301855184,0.000201650431221691,0.0013960414469194,64468
"16","2020/04/04",23,2,114,2,0.00176831916609791,0.000356766147546069,0.00150462244834647,64468
"17","2020/04/05",22,0,136,2,0.00210957374201154,0.000341254575913632,0.00179934230936278,64468
"18","2020/04/06",18,1,154,3,0.00238878203139542,0.00027920828938388,0.00203201588384935,64468
"19","2020/04/07",11,1,165,4,0.00255940931935224,0.000170627287956816,0.0020940621703791,64468
"20","2020/04/08",1,0,166,4,0.00257492089098467,1.55115716324378e-05,0.00204752745548179,64468
"21","2020/04/09",15,1,181,5,0.00280759446547124,0.000232673574486567,0.00224917788670348,64468
"22","2020/04/10",10,0,191,5,0.00296271018179562,0.000155115716324378,0.00235775888813055,64468
"23","2020/04/11",9,1,200,6,0.00310231432648756,0.00013960414469194,0.00240429360302786,64468
"24","2020/04/12",9,0,209,6,0.0032419184711795,0.00013960414469194,0.0025438977477198,64468
"25","2020/04/13",9,0,218,6,0.00338152261587144,0.00013960414469194,0.00245082831792517,64468
"26","2020/04/14",1,0,219,6,0.00339703418750388,1.55115716324378e-05,0.00218713160017373,64468
"27","2020/04/15",4,1,223,7,0.00345908047403363,6.20462865297512e-05,0.00204752745548179,64468
"28","2020/04/16",0,0,223,7,0.00345908047403363,0,0.00169076130793572,64468
"29","2020/04/17",11,2,234,9,0.00362970776199044,0.000170627287956816,0.0015201340199789,64468
"30","2020/04/18",0,0,234,9,0.00362970776199044,0,0.00124092573059502,64468
"31","2020/04/19",5,0,239,9,0.00370726562015263,7.7557858162189e-05,0.0011478563008004,64468
"32","2020/04/20",0,0,239,9,0.00370726562015263,0,0.00113234472916796,64468
"33","2020/04/21",0,1,239,10,0.00370726562015263,0,0.000899671154681392,64468
"34","2020/04/22",0,0,239,10,0.00370726562015263,0,0.000744555438357014,64468
"35","2020/04/23",4,0,243,10,0.00376931190668239,6.20462865297512e-05,0.000666997580194825,64468
"36","2020/04/24",2,0,245,10,0.00380033504994726,3.10231432648756e-05,0.000558416578767761,64468
"37","2020/04/25",0,1,245,11,0.00380033504994726,0,0.000418812434075821,64468
"38","2020/04/26",0,1,245,12,0.00380033504994726,0,0.000403300862443383,64468
"39","2020/04/27",2,1,247,13,0.00383135819321214,3.10231432648756e-05,0.000372277719178507,64468
"40","2020/04/28",0,0,247,13,0.00383135819321214,0,0.000372277719178507,64468
"41","2020/04/29",0,0,247,13,0.00383135819321214,0,0.000201650431221691,64468
"42","2020/04/30",4,0,251,13,0.00389340447974189,6.20462865297512e-05,0.000263696717751443,64468
"43","2020/05/01",0,0,251,13,0.00389340447974189,0,0.000186138859589254,64468
"44","2020/05/02",1,0,252,13,0.00390891605137433,1.55115716324378e-05,0.000201650431221691,64468
"45","2020/05/03",0,0,252,13,0.00390891605137433,0,0.000201650431221691,64468
"46","2020/05/04",0,0,252,13,0.00390891605137433,0,0.000201650431221691,64468
"47","2020/05/05",0,0,252,13,0.00390891605137433,0,0.00013960414469194,64468
"48","2020/05/06",0,0,252,13,0.00390891605137433,0,0.000108581001427065,64468
"49","2020/05/07",0,0,252,13,0.00390891605137433,0,0.000108581001427065,64468
"50","2020/05/08",0,0,252,13,0.00390891605137433,0,0.000108581001427065,64468
"51","2020/05/09",0,0,252,13,0.00390891605137433,0,7.7557858162189e-05,64468
"52","2020/05/10",0,0,252,13,0.00390891605137433,0,7.7557858162189e-05,64468
"53","2020/05/11",0,0,252,13,0.00390891605137433,0,7.7557858162189e-05,64468
"54","2020/05/12",0,0,252,13,0.00390891605137433,0,1.55115716324378e-05,64468
"55","2020/05/13",0,0,252,13,0.00390891605137433,0,1.55115716324378e-05,64468
"56","2020/05/14",0,0,252,13,0.00390891605137433,0,0,64468
"57","2020/05/15",0,0,252,13,0.00390891605137433,0,0,64468
"58","2020/05/16",0,0,252,13,0.00390891605137433,0,0,64468
"59","2020/05/17",0,0,252,13,0.00390891605137433,0,0,64468
"60","2020/05/18",0,0,252,13,0.00390891605137433,0,0,64468
"61","2020/05/19",0,0,252,13,0.00390891605137433,0,0,64468
"62","2020/05/20",0,0,252,13,0.00390891605137433,0,0,64468
"63","2020/05/21",0,0,252,13,0.00390891605137433,0,0,64468
"64","2020/05/22",0,0,252,13,0.00390891605137433,0,0,64468
"65","2020/05/23",0,0,252,13,0.00390891605137433,0,0,64468
"66","2020/05/24",0,0,252,13,0.00390891605137433,0,0,64468
"67","2020/05/25",0,0,252,13,0.00390891605137433,0,0,64468
"68","2020/05/26",0,0,252,13,0.00390891605137433,0,0,64468
"69","2020/05/27",0,0,252,13,0.00390891605137433,0,0,64468
"70","2020/05/28",0,0,252,13,0.00390891605137433,0,0,64468
"71","2020/05/29",0,0,252,13,0.00390891605137433,0,0,64468
"72","2020/05/30",0,0,252,13,0.00390891605137433,0,0,64468
"73","2020/05/31",0,0,252,13,0.00390891605137433,0,0,64468
"74","2020/06/01",0,0,252,13,0.00390891605137433,0,0,64468
"75","2020/06/02",0,0,252,13,0.00390891605137433,0,0,64468
"76","2020/06/03",0,0,252,13,0.00390891605137433,0,0,64468
"77","2020/06/04",0,0,252,13,0.00390891605137433,0,0,64468
"78","2020/06/05",0,0,252,13,0.00390891605137433,0,0,64468
"79","2020/06/06",0,0,252,13,0.00390891605137433,0,0,64468
"80","2020/06/07",0,0,252,13,0.00390891605137433,0,0,64468
"81","2020/06/08",0,0,252,13,0.00390891605137433,0,0,64468
"82","2020/06/09",0,0,252,13,0.00390891605137433,0,0,64468
"83","2020/06/10",0,0,252,13,0.00390891605137433,0,0,64468
"84","2020/06/11",0,0,252,13,0.00390891605137433,0,0,64468
"85","2020/06/12",0,0,252,13,0.00390891605137433,0,0,64468
"86","2020/06/13",0,0,252,13,0.00390891605137433,0,0,64468
"87","2020/06/14",0,0,252,13,0.00390891605137433,0,0,64468
"88","2020/06/15",0,0,252,13,0.00390891605137433,0,0,64468
"89","2020/06/16",0,0,252,13,0.00390891605137433,0,0,64468
"90","2020/06/17",0,0,252,13,0.00390891605137433,0,0,64468
"91","2020/06/18",0,0,252,13,0.00390891605137433,0,0,64468
"92","2020/06/19",0,0,252,13,0.00390891605137433,0,0,64468
"93","2020/06/20",0,0,252,13,0.00390891605137433,0,0,64468
"94","2020/06/21",0,0,252,13,0.00390891605137433,0,0,64468
"95","2020/06/22",0,0,252,13,0.00390891605137433,0,0,64468
"96","2020/06/23",0,0,252,13,0.00390891605137433,0,0,64468
"97","2020/06/24",0,0,252,13,0.00390891605137433,0,0,64468
"98","2020/06/25",0,0,252,13,0.00390891605137433,0,0,64468
"99","2020/06/26",0,0,252,13,0.00390891605137433,0,0,64468
"100","2020/06/27",0,0,252,13,0.00390891605137433,0,0,64468
"101","2020/06/28",0,0,252,13,0.00390891605137433,0,0,64468
"102","2020/06/29",0,0,252,13,0.00390891605137433,0,0,64468
"103","2020/06/30",0,0,252,13,0.00390891605137433,0,0,64468
"104","2020/07/01",0,0,252,13,0.00390891605137433,0,0,64468
"105","2020/07/02",0,0,252,13,0.00390891605137433,0,0,64468
"106","2020/07/03",0,0,252,13,0.00390891605137433,0,0,64468
"107","2020/07/04",0,0,252,13,0.00390891605137433,0,0,64468
"108","2020/07/05",0,0,252,13,0.00390891605137433,0,0,64468
"109","2020/07/06",0,0,252,13,0.00390891605137433,0,0,64468
"110","2020/07/07",0,0,252,13,0.00390891605137433,0,0,64468
"111","2020/07/08",0,0,252,13,0.00390891605137433,0,0,64468
"112","2020/07/09",0,0,252,13,0.00390891605137433,0,0,64468
"113","2020/07/10",0,0,252,13,0.00390891605137433,0,0,64468
"114","2020/07/11",0,0,252,13,0.00390891605137433,0,0,64468
"115","2020/07/12",0,0,252,13,0.00390891605137433,0,0,64468
"116","2020/07/13",0,0,252,13,0.00390891605137433,0,0,64468
"117","2020/07/14",0,0,252,13,0.00390891605137433,0,0,64468
"118","2020/07/15",0,0,252,13,0.00390891605137433,0,0,64468
"119","2020/07/16",0,0,252,13,0.00390891605137433,0,0,64468
"120","2020/07/17",0,0,252,13,0.00390891605137433,0,0,64468
"121","2020/07/18",0,0,252,13,0.00390891605137433,0,0,64468
"122","2020/07/19",0,0,252,13,0.00390891605137433,0,0,64468
"123","2020/07/20",0,0,252,13,0.00390891605137433,0,0,64468
"124","2020/07/21",0,0,252,13,0.00390891605137433,0,0,64468
