"","date","cases","deaths","cum_cases","cum_deaths","p_cases","p_cases_daily","p_cases_active","population"
"1","2020/03/21",1,0,1,0,4.28987196834212e-08,4.28987196834212e-08,4.28987196834212e-08,23310719
"2","2020/03/22",0,0,1,0,4.28987196834212e-08,0,4.28987196834212e-08,23310719
"3","2020/03/23",0,0,1,0,4.28987196834212e-08,0,4.28987196834212e-08,23310719
"4","2020/03/24",1,0,2,0,8.57974393668423e-08,4.28987196834212e-08,8.57974393668423e-08,23310719
"5","2020/03/25",5,1,7,1,3.00291037783948e-07,2.14493598417106e-07,3.00291037783948e-07,23310719
"6","2020/03/26",0,0,7,1,3.00291037783948e-07,0,3.00291037783948e-07,23310719
"7","2020/03/27",3,0,10,1,4.28987196834212e-07,1.28696159050264e-07,4.28987196834212e-07,23310719
"8","2020/03/28",0,0,10,1,4.28987196834212e-07,0,4.28987196834212e-07,23310719
"9","2020/03/29",0,0,10,1,4.28987196834212e-07,0,4.28987196834212e-07,23310719
"10","2020/03/30",0,0,10,1,4.28987196834212e-07,0,4.28987196834212e-07,23310719
"11","2020/03/31",10,2,20,3,8.57974393668424e-07,4.28987196834212e-07,8.57974393668424e-07,23310719
"12","2020/04/01",0,0,20,3,8.57974393668424e-07,0,8.57974393668424e-07,23310719
"13","2020/04/02",54,2,74,5,3.17450525657317e-06,2.31653086290474e-06,3.13160653688975e-06,23310719
"14","2020/04/03",0,0,74,5,3.17450525657317e-06,0,3.13160653688975e-06,23310719
"15","2020/04/04",24,0,98,5,4.20407452897528e-06,1.02956927240211e-06,4.16117580929185e-06,23310719
"16","2020/04/05",22,0,120,5,5.14784636201054e-06,9.43771833035266e-07,5.0620489226437e-06,23310719
"17","2020/04/06",64,5,184,10,7.8933644217495e-06,2.74551805973896e-06,7.59307338396555e-06,23310719
"18","2020/04/07",69,0,253,10,1.08533760799056e-05,2.96001165815606e-06,1.05530850421216e-05,23310719
"19","2020/04/08",25,1,278,11,1.19258440719911e-05,1.07246799208553e-06,1.14968568751569e-05,23310719
"20","2020/04/09",64,0,342,11,1.467136213173e-05,2.74551805973896e-06,1.42423749348958e-05,23310719
"21","2020/04/10",68,0,410,11,1.75884750702027e-05,2.91711293847264e-06,1.71594878733685e-05,23310719
"22","2020/04/11",28,0,438,11,1.87896392213385e-05,1.20116415113579e-06,1.83606520245043e-05,23310719
"23","2020/04/12",53,0,491,11,2.10632713645598e-05,2.27363214322132e-06,2.02052969708914e-05,23310719
"24","2020/04/13",38,1,529,12,2.26934227125298e-05,1.63015134797e-06,2.18354483188614e-05,23310719
"25","2020/04/14",19,1,548,13,2.35084983865148e-05,8.15075673985002e-07,2.03339931299416e-05,23310719
"26","2020/04/15",22,1,570,14,2.44522702195501e-05,9.43771833035266e-07,2.12777649629769e-05,23310719
"27","2020/04/16",14,0,584,14,2.5052852295118e-05,6.00582075567896e-07,2.08487777661427e-05,23310719
"28","2020/04/17",25,1,609,15,2.61253202872035e-05,1.07246799208553e-06,2.0977473925193e-05,23310719
"29","2020/04/18",18,3,627,18,2.68974972415051e-05,7.72176954301581e-07,1.90041328197556e-05,23310719
"30","2020/04/19",12,1,639,19,2.74122818777061e-05,5.14784636201054e-07,1.65589057978006e-05,23310719
"31","2020/04/20",9,1,648,20,2.77983703548569e-05,3.86088477150791e-07,1.58725262828658e-05,23310719
"32","2020/04/21",7,0,655,20,2.80986613926409e-05,3.00291037783948e-07,1.34272992609108e-05,23310719
"33","2020/04/22",0,0,655,20,2.80986613926409e-05,0,1.05101863224382e-05,23310719
"34","2020/04/23",7,2,662,22,2.83989524304248e-05,3.00291037783948e-07,9.60931320908634e-06,23310719
"35","2020/04/24",9,2,671,24,2.87850409075756e-05,3.86088477150791e-07,7.72176954301581e-06,23310719
"36","2020/04/25",10,0,681,24,2.92140281044098e-05,4.28987196834212e-07,6.52060539188002e-06,23310719
"37","2020/04/26",3,3,684,27,2.93427242634601e-05,1.28696159050264e-07,5.83422587694528e-06,23310719
"38","2020/04/27",12,2,696,29,2.98575088996611e-05,5.14784636201054e-07,5.40523868011107e-06,23310719
"39","2020/04/28",5,0,701,29,3.00720024980782e-05,2.14493598417106e-07,5.01915020296028e-06,23310719
"40","2020/04/29",8,2,709,31,3.04151922555456e-05,3.43189757467369e-07,4.28987196834212e-06,23310719
"41","2020/04/30",4,1,713,32,3.05867871342793e-05,1.71594878733685e-07,3.68928989277422e-06,23310719
"42","2020/05/01",6,0,719,32,3.08441794523798e-05,2.57392318100527e-07,3.43189757467369e-06,23310719
"43","2020/05/02",9,1,728,33,3.12302679295306e-05,3.86088477150791e-07,3.43189757467369e-06,23310719
"44","2020/05/03",8,2,736,35,3.1573457686998e-05,3.43189757467369e-07,3.47479629435712e-06,23310719
"45","2020/05/04",14,1,750,36,3.21740397625659e-05,6.00582075567896e-07,4.07537836992501e-06,23310719
"46","2020/05/05",5,1,755,37,3.2388533360983e-05,2.14493598417106e-07,3.98958093055817e-06,23310719
"47","2020/05/06",8,1,763,38,3.27317231184504e-05,3.43189757467369e-07,3.94668221087475e-06,23310719
"48","2020/05/07",7,0,770,38,3.30320141562343e-05,3.00291037783948e-07,3.81798605182448e-06,23310719
"49","2020/05/08",11,4,781,42,3.35039000727519e-05,4.71885916517633e-07,4.16117580929185e-06,23310719
"50","2020/05/09",14,2,795,44,3.41044821483198e-05,6.00582075567896e-07,4.2469732486587e-06,23310719
"51","2020/05/10",20,1,815,45,3.49624565419883e-05,8.57974393668424e-07,4.89045404391001e-06,23310719
"52","2020/05/11",6,1,821,46,3.52198488600888e-05,2.57392318100527e-07,4.80465660454317e-06,23310719
"53","2020/05/12",11,0,832,46,3.56917347766064e-05,4.71885916517633e-07,5.10494764232712e-06,23310719
"54","2020/05/13",22,1,854,47,3.66355066096417e-05,9.43771833035266e-07,5.79132715726186e-06,23310719
"55","2020/05/14",6,2,860,49,3.68928989277422e-05,2.57392318100527e-07,5.6626309982116e-06,23310719
"56","2020/05/15",16,1,876,50,3.75792784426769e-05,6.86379514934739e-07,6.00582075567896e-06,23310719
"57","2020/05/16",9,1,885,51,3.79653669198277e-05,3.86088477150791e-07,5.79132715726186e-06,23310719
"58","2020/05/17",4,0,889,51,3.81369617985614e-05,1.71594878733685e-07,5.74842843757844e-06,23310719
"59","2020/05/18",15,3,904,54,3.87804425938127e-05,6.43480795251318e-07,6.04871947536239e-06,23310719
"60","2020/05/19",5,1,909,55,3.89949361922299e-05,2.14493598417106e-07,5.96292203599554e-06,23310719
"61","2020/05/20",5,0,914,55,3.9209429790647e-05,2.14493598417106e-07,5.70552971789502e-06,23310719
"62","2020/05/21",6,3,920,58,3.94668221087475e-05,2.57392318100527e-07,5.36233996042765e-06,23310719
"63","2020/05/22",4,2,924,60,3.96384169874812e-05,1.71594878733685e-07,4.67596044549291e-06,23310719
"64","2020/05/23",13,0,937,60,4.01961003433656e-05,5.57683355884475e-07,4.97625148327686e-06,23310719
"65","2020/05/24",6,1,943,61,4.04534926614662e-05,2.57392318100527e-07,4.76175788485975e-06,23310719
"66","2020/05/25",2,0,945,61,4.0539290100833e-05,8.57974393668423e-08,3.90378349119133e-06,23310719
"67","2020/05/26",6,1,951,62,4.07966824189335e-05,2.57392318100527e-07,3.90378349119133e-06,23310719
"68","2020/05/27",1,1,952,63,4.0839581138617e-05,4.28987196834212e-08,3.26030269594001e-06,23310719
"69","2020/05/28",3,1,955,64,4.09682772976672e-05,1.28696159050264e-07,3.00291037783948e-06,23310719
"70","2020/05/29",0,0,955,64,4.09682772976672e-05,0,2.8313154991058e-06,23310719
"71","2020/05/30",0,0,955,64,4.09682772976672e-05,0,2.18783470385448e-06,23310719
"72","2020/05/31",1,0,956,64,4.10111760173506e-05,4.28987196834212e-08,2.0162398251208e-06,23310719
"73","2020/06/01",2,0,958,64,4.10969734567175e-05,8.57974393668423e-08,1.88754366607053e-06,23310719
"74","2020/06/02",0,1,958,65,4.10969734567175e-05,0,1.63015134797e-06,23310719
"75","2020/06/03",2,0,960,65,4.11827708960843e-05,8.57974393668423e-08,1.54435390860316e-06,23310719
"76","2020/06/04",1,0,961,65,4.12256696157677e-05,4.28987196834212e-08,1.02956927240211e-06,23310719
"77","2020/06/05",2,0,963,65,4.13114670551346e-05,8.57974393668423e-08,8.57974393668424e-07,23310719
"78","2020/06/06",3,0,966,65,4.14401632141849e-05,1.28696159050264e-07,9.00873113351845e-07,23310719
"79","2020/06/07",4,0,970,65,4.16117580929185e-05,1.71594878733685e-07,8.15075673985002e-07,23310719
"80","2020/06/08",3,0,973,65,4.17404542519688e-05,1.28696159050264e-07,9.00873113351845e-07,23310719
"81","2020/06/09",0,0,973,65,4.17404542519688e-05,0,7.72176954301581e-07,23310719
"82","2020/06/10",1,0,974,65,4.17833529716522e-05,4.28987196834212e-08,8.15075673985002e-07,23310719
"83","2020/06/11",0,0,974,65,4.17833529716522e-05,0,8.15075673985002e-07,23310719
"84","2020/06/12",0,0,974,65,4.17833529716522e-05,0,7.72176954301581e-07,23310719
"85","2020/06/13",4,0,978,65,4.19549478503859e-05,1.71594878733685e-07,8.57974393668424e-07,23310719
"86","2020/06/14",2,1,980,66,4.20407452897528e-05,8.57974393668423e-08,9.43771833035266e-07,23310719
"87","2020/06/15",0,0,980,66,4.20407452897528e-05,0,8.57974393668424e-07,23310719
"88","2020/06/16",0,0,980,66,4.20407452897528e-05,0,8.15075673985002e-07,23310719
"89","2020/06/17",36,0,1016,66,4.35850991983559e-05,1.54435390860316e-06,2.27363214322132e-06,23310719
"90","2020/06/18",4,1,1020,67,4.37566940770896e-05,1.71594878733685e-07,2.31653086290474e-06,23310719
"91","2020/06/19",0,0,1020,67,4.37566940770896e-05,0,2.14493598417106e-06,23310719
"92","2020/06/20",0,0,1020,67,4.37566940770896e-05,0,2.0162398251208e-06,23310719
"93","2020/06/21",15,0,1035,67,4.44001748723409e-05,6.43480795251318e-07,2.65972062037211e-06,23310719
"94","2020/06/22",1,0,1036,67,4.44430735920243e-05,4.28987196834212e-08,2.65972062037211e-06,23310719
"95","2020/06/23",10,0,1046,67,4.48720607888586e-05,4.28987196834212e-07,3.08870781720632e-06,23310719
"96","2020/06/24",5,0,1051,67,4.50865543872757e-05,2.14493598417106e-07,3.30320141562343e-06,23310719
"97","2020/06/25",5,0,1056,67,4.53010479856928e-05,2.14493598417106e-07,3.34610013530685e-06,23310719
"98","2020/06/26",3,0,1059,67,4.5429744144743e-05,1.28696159050264e-07,3.38899885499027e-06,23310719
"99","2020/06/27",3,0,1062,67,4.55584403037933e-05,1.28696159050264e-07,3.51769501404054e-06,23310719
"100","2020/06/28",6,0,1068,67,4.58158326218938e-05,2.57392318100527e-07,3.77508733214106e-06,23310719
"101","2020/06/29",6,0,1074,67,4.60732249399943e-05,2.57392318100527e-07,2.48812574163843e-06,23310719
"102","2020/06/30",1,0,1075,67,4.61161236596778e-05,4.28987196834212e-08,2.35942958258816e-06,23310719
"103","2020/07/01",0,0,1075,67,4.61161236596778e-05,0,2.35942958258816e-06,23310719
"104","2020/07/02",0,0,1075,67,4.61161236596778e-05,0,2.35942958258816e-06,23310719
"105","2020/07/03",6,1,1081,68,4.63735159777783e-05,2.57392318100527e-07,1.97334110543737e-06,23310719
"106","2020/07/04",1,0,1082,68,4.64164146974617e-05,4.28987196834212e-08,1.97334110543737e-06,23310719
"107","2020/07/05",0,0,1082,68,4.64164146974617e-05,0,1.54435390860316e-06,23310719
"108","2020/07/06",11,0,1093,68,4.68883006139793e-05,4.71885916517633e-07,1.80174622670369e-06,23310719
"109","2020/07/07",0,0,1093,68,4.68883006139793e-05,0,1.58725262828658e-06,23310719
"110","2020/07/08",1,0,1094,68,4.69311993336628e-05,4.28987196834212e-08,1.50145518891974e-06,23310719
"111","2020/07/09",3,0,1097,68,4.7059895492713e-05,1.28696159050264e-07,1.50145518891974e-06,23310719
"112","2020/07/10",0,0,1097,68,4.7059895492713e-05,0,1.24406287081921e-06,23310719
"113","2020/07/11",2,0,1099,68,4.71456929320799e-05,8.57974393668423e-08,1.07246799208553e-06,23310719
"114","2020/07/12",0,0,1099,68,4.71456929320799e-05,0,1.02956927240211e-06,23310719
"115","2020/07/13",0,0,1099,68,4.71456929320799e-05,0,1.02956927240211e-06,23310719
"116","2020/07/14",0,0,1099,68,4.71456929320799e-05,0,1.02956927240211e-06,23310719
"117","2020/07/15",0,0,1099,68,4.71456929320799e-05,0,7.72176954301581e-07,23310719
"118","2020/07/16",1,1,1100,69,4.71885916517633e-05,4.28987196834212e-08,7.72176954301581e-07,23310719
"119","2020/07/17",2,0,1102,69,4.72743890911301e-05,8.57974393668423e-08,8.57974393668424e-07,23310719
"120","2020/07/18",0,0,1102,69,4.72743890911301e-05,0,3.86088477150791e-07,23310719
"121","2020/07/19",2,0,1104,69,4.7360186530497e-05,8.57974393668423e-08,4.71885916517633e-07,23310719
"122","2020/07/20",0,0,1104,69,4.7360186530497e-05,0,4.28987196834212e-07,23310719
"123","2020/07/21",1,0,1105,69,4.74030852501804e-05,4.28987196834212e-08,3.43189757467369e-07,23310719
