"","date","cases","deaths","cum_cases","cum_deaths","p_cases","p_cases_daily","p_cases_active","population"
"1","2020/03/15",1,0,1,0,7.919576385027e-08,7.919576385027e-08,7.919576385027e-08,12626938
"2","2020/03/16",4,0,5,0,3.9597881925135e-07,3.1678305540108e-07,3.9597881925135e-07,12626938
"3","2020/03/17",0,0,5,0,3.9597881925135e-07,0,3.9597881925135e-07,12626938
"4","2020/03/18",2,0,7,0,5.5437034695189e-07,1.5839152770054e-07,5.5437034695189e-07,12626938
"5","2020/03/19",4,0,11,0,8.7115340235297e-07,3.1678305540108e-07,8.7115340235297e-07,12626938
"6","2020/03/20",0,0,11,0,8.7115340235297e-07,0,8.7115340235297e-07,12626938
"7","2020/03/21",6,0,17,0,1.34632798545459e-06,4.7517458310162e-07,1.34632798545459e-06,12626938
"8","2020/03/22",0,0,17,0,1.34632798545459e-06,0,1.34632798545459e-06,12626938
"9","2020/03/23",2,0,19,0,1.50471951315513e-06,1.5839152770054e-07,1.50471951315513e-06,12626938
"10","2020/03/24",17,0,36,0,2.85104749860972e-06,1.34632798545459e-06,2.85104749860972e-06,12626938
"11","2020/03/25",4,0,40,0,3.1678305540108e-06,3.1678305540108e-07,3.1678305540108e-06,12626938
"12","2020/03/26",1,0,41,0,3.24702631786107e-06,7.919576385027e-08,3.24702631786107e-06,12626938
"13","2020/03/27",9,0,50,0,3.9597881925135e-06,7.1276187465243e-07,3.88059242866323e-06,12626938
"14","2020/03/28",4,0,54,0,4.27657124791458e-06,3.1678305540108e-07,3.88059242866323e-06,12626938
"15","2020/03/29",6,0,60,0,4.7517458310162e-06,4.7517458310162e-07,4.35576701176485e-06,12626938
"16","2020/03/30",10,0,70,0,5.5437034695189e-06,7.919576385027e-07,4.98933312256701e-06,12626938
"17","2020/03/31",0,0,70,0,5.5437034695189e-06,0,4.67255006716593e-06,12626938
"18","2020/04/01",5,0,75,0,5.93968228877025e-06,3.9597881925135e-07,5.06852888641728e-06,12626938
"19","2020/04/02",7,0,82,0,6.49405263572214e-06,5.5437034695189e-07,5.14772465026755e-06,12626938
"20","2020/04/03",0,0,82,0,6.49405263572214e-06,0,5.14772465026755e-06,12626938
"21","2020/04/04",7,0,89,0,7.04842298267403e-06,5.5437034695189e-07,5.5437034695189e-06,12626938
"22","2020/04/05",13,0,102,0,8.07796791272754e-06,1.02954493005351e-06,5.22692041411782e-06,12626938
"23","2020/04/06",2,0,104,0,8.23635944042808e-06,1.5839152770054e-07,5.06852888641728e-06,12626938
"24","2020/04/07",1,0,105,0,8.31555520427835e-06,7.919576385027e-08,5.06852888641728e-06,12626938
"25","2020/04/08",0,0,105,0,8.31555520427835e-06,0,4.35576701176485e-06,12626938
"26","2020/04/09",5,0,110,0,8.7115340235297e-06,3.9597881925135e-07,4.43496277561512e-06,12626938
"27","2020/04/10",3,0,113,0,8.9491213150805e-06,2.3758729155081e-07,4.19737548406431e-06,12626938
"28","2020/04/11",5,0,118,0,9.34510013433185e-06,3.9597881925135e-07,3.80139666481296e-06,12626938
"29","2020/04/12",2,0,120,0,9.50349166203239e-06,1.5839152770054e-07,3.9597881925135e-06,12626938
"30","2020/04/13",6,0,126,0,9.97866624513401e-06,4.7517458310162e-07,4.03898395636377e-06,12626938
"31","2020/04/14",1,0,127,0,1.00578620089843e-05,7.919576385027e-08,3.56380937326215e-06,12626938
"32","2020/04/15",7,0,134,0,1.06122323559362e-05,5.5437034695189e-07,4.11817972021404e-06,12626938
"33","2020/04/16",2,0,136,0,1.07706238836367e-05,1.5839152770054e-07,3.72220090096269e-06,12626938
"34","2020/04/17",2,0,138,0,1.09290154113373e-05,1.5839152770054e-07,2.85104749860972e-06,12626938
"35","2020/04/18",5,0,143,0,1.13249942305886e-05,3.9597881925135e-07,3.08863479016053e-06,12626938
"36","2020/04/19",1,0,144,0,1.14041899944389e-05,7.919576385027e-08,3.08863479016053e-06,12626938
"37","2020/04/20",3,0,147,0,1.16417772859897e-05,2.3758729155081e-07,3.32622208171134e-06,12626938
"38","2020/04/21",0,0,147,0,1.16417772859897e-05,0,2.93024326245999e-06,12626938
"39","2020/04/22",3,0,150,0,1.18793645775405e-05,2.3758729155081e-07,2.93024326245999e-06,12626938
"40","2020/04/23",3,0,153,0,1.21169518690913e-05,2.3758729155081e-07,2.77185173475945e-06,12626938
"41","2020/04/24",1,0,154,0,1.21961476329416e-05,7.919576385027e-08,2.69265597090918e-06,12626938
"42","2020/04/25",22,0,176,0,1.39384544376475e-05,1.74230680470594e-06,3.9597881925135e-06,12626938
"43","2020/04/26",7,0,183,0,1.44928247845994e-05,5.5437034695189e-07,4.43496277561512e-06,12626938
"44","2020/04/27",8,0,191,0,1.51263908954016e-05,6.3356611080216e-07,4.51415853946539e-06,12626938
"45","2020/04/28",16,0,207,0,1.63935231170059e-05,1.26713222160432e-06,5.62289923336917e-06,12626938
"46","2020/04/29",5,0,212,0,1.67895019362572e-05,3.9597881925135e-07,5.86048652491998e-06,12626938
"47","2020/04/30",13,0,225,0,1.78190468663107e-05,1.02954493005351e-06,6.49405263572214e-06,12626938
"48","2020/05/01",18,0,243,0,1.92445706156156e-05,1.42552374930486e-06,7.84038062117673e-06,12626938
"49","2020/05/02",6,0,249,0,1.97197451987172e-05,4.7517458310162e-07,8.07796791272754e-06,12626938
"50","2020/05/03",6,0,255,0,2.01949197818188e-05,4.7517458310162e-07,8.55314249582915e-06,12626938
"51","2020/05/04",4,0,259,0,2.05117028372199e-05,3.1678305540108e-07,8.63233825967942e-06,12626938
"52","2020/05/05",2,0,261,0,2.06700943649205e-05,1.5839152770054e-07,8.55314249582915e-06,12626938
"53","2020/05/06",0,0,261,0,2.06700943649205e-05,0,8.47394673197888e-06,12626938
"54","2020/05/07",7,0,268,0,2.12244647118723e-05,5.5437034695189e-07,7.28601027422484e-06,12626938
"55","2020/05/08",3,0,271,0,2.14620520034232e-05,2.3758729155081e-07,6.96922721882376e-06,12626938
"56","2020/05/09",2,0,273,0,2.16204435311237e-05,1.5839152770054e-07,6.49405263572214e-06,12626938
"57","2020/05/10",7,0,280,0,2.21748138780756e-05,5.5437034695189e-07,5.78129076106971e-06,12626938
"58","2020/05/11",4,0,284,0,2.24915969334767e-05,3.1678305540108e-07,5.70209499721944e-06,12626938
"59","2020/05/12",1,0,285,0,2.25707926973269e-05,7.919576385027e-08,4.7517458310162e-06,12626938
"60","2020/05/13",1,0,286,0,2.26499884611772e-05,7.919576385027e-08,3.40541784556161e-06,12626938
"61","2020/05/14",1,0,287,0,2.27291842250275e-05,7.919576385027e-08,3.00943902631026e-06,12626938
"62","2020/05/15",0,0,287,0,2.27291842250275e-05,0,2.53426444320864e-06,12626938
"63","2020/05/16",0,0,287,0,2.27291842250275e-05,0,2.21748138780756e-06,12626938
"64","2020/05/17",2,0,289,0,2.2887575752728e-05,1.5839152770054e-07,2.21748138780756e-06,12626938
"65","2020/05/18",3,0,292,0,2.31251630442788e-05,2.3758729155081e-07,2.45506867935837e-06,12626938
"66","2020/05/19",5,0,297,0,2.35211418635302e-05,3.9597881925135e-07,2.29667715165783e-06,12626938
"67","2020/05/20",11,0,308,0,2.43922952658831e-05,8.7115340235297e-07,2.93024326245999e-06,12626938
"68","2020/05/21",6,0,314,0,2.48674698489848e-05,4.7517458310162e-07,3.24702631786107e-06,12626938
"69","2020/05/22",6,0,320,0,2.53426444320864e-05,4.7517458310162e-07,3.1678305540108e-06,12626938
"70","2020/05/23",1,0,321,0,2.54218401959367e-05,7.919576385027e-08,2.93024326245999e-06,12626938
"71","2020/05/24",4,0,325,0,2.57386232513377e-05,3.1678305540108e-07,3.1678305540108e-06,12626938
"72","2020/05/25",2,0,327,0,2.58970147790383e-05,1.5839152770054e-07,3.24702631786107e-06,12626938
"73","2020/05/26",9,0,336,0,2.66097766536907e-05,7.1276187465243e-07,3.88059242866323e-06,12626938
"74","2020/05/27",3,0,339,0,2.68473639452415e-05,2.3758729155081e-07,4.11817972021404e-06,12626938
"75","2020/05/28",7,0,346,0,2.74017342921934e-05,5.5437034695189e-07,4.67255006716593e-06,12626938
"76","2020/05/29",3,0,349,0,2.76393215837442e-05,2.3758729155081e-07,4.7517458310162e-06,12626938
"77","2020/05/30",6,0,355,0,2.81144961668458e-05,4.7517458310162e-07,4.98933312256701e-06,12626938
"78","2020/05/31",4,1,359,1,2.84312792222469e-05,3.1678305540108e-07,4.91013735871674e-06,12626938
"79","2020/06/01",11,0,370,1,2.93024326245999e-05,8.7115340235297e-07,4.91013735871674e-06,12626938
"80","2020/06/02",7,0,377,1,2.98568029715518e-05,5.5437034695189e-07,4.98933312256701e-06,12626938
"81","2020/06/03",7,1,384,2,3.04111733185037e-05,5.5437034695189e-07,5.06852888641728e-06,12626938
"82","2020/06/04",13,0,397,2,3.14407182485572e-05,1.02954493005351e-06,6.01887805262052e-06,12626938
"83","2020/06/05",13,0,410,2,3.24702631786107e-05,1.02954493005351e-06,6.73163992727295e-06,12626938
"84","2020/06/06",10,0,420,2,3.32622208171134e-05,7.919576385027e-07,7.36520603807511e-06,12626938
"85","2020/06/07",11,0,431,2,3.41333742194663e-05,8.7115340235297e-07,7.52359756577565e-06,12626938
"86","2020/06/08",8,0,439,2,3.47669403302685e-05,6.3356611080216e-07,7.919576385027e-06,12626938
"87","2020/06/09",12,0,451,2,3.57172894964717e-05,9.50349166203239e-07,8.31555520427835e-06,12626938
"88","2020/06/10",12,0,463,2,3.6667638662675e-05,9.50349166203239e-07,9.02831707893077e-06,12626938
"89","2020/06/11",13,0,476,2,3.76971835927285e-05,1.02954493005351e-06,9.58268742588267e-06,12626938
"90","2020/06/12",18,0,494,2,3.91227073420334e-05,1.42552374930486e-06,1.06914281197864e-05,12626938
"91","2020/06/13",16,0,510,2,4.03898395636377e-05,1.26713222160432e-06,1.10874069390378e-05,12626938
"92","2020/06/14",31,0,541,2,4.2844908242996e-05,2.45506867935837e-06,1.29881052714443e-05,12626938
"93","2020/06/15",41,0,582,2,4.60919345608571e-05,3.24702631786107e-06,1.56807612423535e-05,12626938
"94","2020/06/16",30,0,612,2,4.84678074763652e-05,2.3758729155081e-06,1.7027089227808e-05,12626938
"95","2020/06/17",24,0,636,2,5.03685058087717e-05,1.90069833240648e-06,1.7898242630161e-05,12626938
"96","2020/06/18",3,0,639,2,5.06060931003225e-05,2.3758729155081e-07,1.73438722832091e-05,12626938
"97","2020/06/19",7,0,646,2,5.11604634472744e-05,5.5437034695189e-07,1.7027089227808e-05,12626938
"98","2020/06/20",15,0,661,2,5.23483999050284e-05,1.18793645775405e-06,1.75814595747599e-05,12626938
"99","2020/06/21",41,0,702,2,5.55954262228895e-05,3.24702631786107e-06,1.98781367264178e-05,12626938
"100","2020/06/22",26,0,728,2,5.76545160829965e-05,2.05908986010702e-06,2.09868774203215e-05,12626938
"101","2020/06/23",59,0,787,2,6.23270661501625e-05,4.67255006716593e-06,2.4629882557434e-05,12626938
"102","2020/06/24",11,0,798,2,6.31982195525154e-05,8.7115340235297e-07,2.40755122104821e-05,12626938
"103","2020/06/25",32,0,830,2,6.57324839957241e-05,2.53426444320864e-06,2.53426444320864e-05,12626938
"104","2020/06/26",20,0,850,2,6.73163992727295e-05,1.5839152770054e-06,2.44714910297334e-05,12626938
"105","2020/06/27",8,0,858,2,6.79499653835316e-05,6.3356611080216e-07,2.18580308226745e-05,12626938
"106","2020/06/28",20,0,878,2,6.9533880660537e-05,1.5839152770054e-06,2.10660731841718e-05,12626938
"107","2020/06/29",22,0,900,2,7.1276187465243e-05,1.74230680470594e-06,2.09076816564713e-05,12626938
"108","2020/06/30",101,0,1001,2,7.92749596141202e-05,7.99877214887727e-06,2.86688665137977e-05,12626938
"109","2020/07/01",24,0,1025,2,8.11756579465267e-05,1.90069833240648e-06,3.00151944992523e-05,12626938
"110","2020/07/02",17,1,1042,3,8.25219859319813e-05,1.34632798545459e-06,3.01735860269529e-05,12626938
"111","2020/07/03",21,0,1063,3,8.4185096972837e-05,1.66311104085567e-06,2.85896707499475e-05,12626938
"112","2020/07/04",18,0,1081,3,8.56106207221418e-05,1.42552374930486e-06,2.79561046391453e-05,12626938
"113","2020/07/05",11,0,1092,3,8.64817741244948e-05,8.7115340235297e-07,2.41547079743323e-05,12626938
"114","2020/07/06",13,0,1105,3,8.75113190545483e-05,1.02954493005351e-06,2.43130995020329e-05,12626938
"115","2020/07/07",8,0,1113,3,8.81448851653505e-05,6.3356611080216e-07,2.24124011696264e-05,12626938
"116","2020/07/08",59,0,1172,3,9.28174352325164e-05,4.67255006716593e-06,2.55010359597869e-05,12626938
"117","2020/07/09",22,0,1194,3,9.45597420372223e-05,1.74230680470594e-06,2.66097766536907e-05,12626938
"118","2020/07/10",16,0,1210,3,9.58268742588266e-05,1.26713222160432e-06,2.62929935982896e-05,12626938
"119","2020/07/11",42,0,1252,3,9.9153096340538e-05,3.32622208171134e-06,2.7876908875295e-05,12626938
"120","2020/07/12",47,1,1299,4,0.000102875297241501,3.72220090096269e-06,2.36003376273804e-05,12626938
"121","2020/07/13",38,0,1337,4,0.000105884736267811,3.00943902631026e-06,2.47090783212842e-05,12626938
"122","2020/07/14",41,0,1378,4,0.000109131762585672,3.24702631786107e-06,2.66097766536907e-05,12626938
"123","2020/07/15",38,0,1416,4,0.000112141201611982,3.00943902631026e-06,2.79561046391453e-05,12626938
"124","2020/07/16",19,0,1435,4,0.000113645921125137,1.50471951315513e-06,2.80353004029956e-05,12626938
"125","2020/07/17",38,0,1473,4,0.000116655360151448,3.00943902631026e-06,3.01735860269529e-05,12626938
"126","2020/07/18",12,0,1485,4,0.000117605709317651,9.50349166203239e-07,3.00943902631026e-05,12626938
"127","2020/07/19",54,1,1539,5,0.000121882280565565,4.27657124791458e-06,3.3737395400215e-05,12626938
"128","2020/07/20",43,0,1582,5,0.000125287698411127,3.40541784556161e-06,3.24702631786107e-05,12626938
"129","2020/07/21",47,0,1629,5,0.00012900989931209,3.72220090096269e-06,3.44501572748674e-05,12626938
