"","date","cases","deaths","cum_cases","cum_deaths","p_cases","p_cases_daily","p_cases_active","population"
"1","2020/03/03",1,0,1,0,8.55086666881578e-08,8.55086666881578e-08,8.55086666881578e-08,11694721
"2","2020/03/10",1,0,2,0,1.71017333376316e-07,8.55086666881578e-08,1.71017333376316e-07,11694721
"3","2020/03/11",3,0,5,0,4.27543333440789e-07,2.56526000064474e-07,4.27543333440789e-07,11694721
"4","2020/03/12",2,0,7,0,5.98560666817105e-07,1.71017333376316e-07,5.98560666817105e-07,11694721
"5","2020/03/13",6,0,13,0,1.11161266694605e-06,5.13052000128947e-07,1.11161266694605e-06,11694721
"6","2020/03/14",3,0,16,0,1.36813866701053e-06,2.56526000064474e-07,1.36813866701053e-06,11694721
"7","2020/03/15",0,0,16,0,1.36813866701053e-06,0,1.36813866701053e-06,11694721
"8","2020/03/16",2,0,18,0,1.53915600038684e-06,1.71017333376316e-07,1.53915600038684e-06,11694721
"9","2020/03/17",2,0,20,0,1.71017333376316e-06,1.71017333376316e-07,1.71017333376316e-06,11694721
"10","2020/03/18",4,0,24,0,2.05220800051579e-06,3.42034666752631e-07,2.05220800051579e-06,11694721
"11","2020/03/19",5,0,29,0,2.47975133395658e-06,4.27543333440789e-07,2.47975133395658e-06,11694721
"12","2020/03/20",10,0,39,0,3.33483800083816e-06,8.55086666881578e-07,3.33483800083816e-06,11694721
"13","2020/03/21",15,1,54,1,4.61746800116052e-06,1.28263000032237e-06,4.53195933447237e-06,11694721
"14","2020/03/22",6,0,60,1,5.13052000128947e-06,5.13052000128947e-07,4.95950266791316e-06,11694721
"15","2020/03/23",15,2,75,3,6.41315000161184e-06,1.28263000032237e-06,5.98560666817105e-06,11694721
"16","2020/03/24",14,0,89,3,7.61027133524605e-06,1.19712133363421e-06,7.01171066842894e-06,11694721
"17","2020/03/25",25,0,114,3,9.74798800244999e-06,2.13771666720395e-06,8.63637533550394e-06,11694721
"18","2020/03/26",59,2,173,5,1.47929993370513e-05,5.04501133460131e-06,1.34248606700408e-05,11694721
"19","2020/03/27",0,0,173,5,1.47929993370513e-05,0,1.34248606700408e-05,11694721
"20","2020/03/28",54,1,227,6,1.94104673382118e-05,4.61746800116052e-06,1.7871311337825e-05,11694721
"21","2020/03/29",0,0,227,6,1.94104673382118e-05,0,1.77002940044487e-05,11694721
"22","2020/03/30",51,2,278,8,2.37714093393079e-05,4.36094200109605e-06,2.17192013387921e-05,11694721
"23","2020/03/31",34,0,312,8,2.66787040067052e-05,2.90729466739737e-06,2.41989526727487e-05,11694721
"24","2020/04/01",50,1,362,9,3.09541373411131e-05,4.27543333440789e-06,2.7619299340275e-05,11694721
"25","2020/04/02",32,1,394,10,3.36904146751342e-05,2.73627733402105e-06,2.90729466739737e-05,11694721
"26","2020/04/03",61,3,455,13,3.89064433431118e-05,5.21602866797763e-06,3.37759233418223e-05,11694721
"27","2020/04/04",0,0,455,13,3.89064433431118e-05,0,3.24932933415e-05,11694721
"28","2020/04/05",40,5,495,18,4.23267900106381e-05,3.42034666752631e-06,3.47165186753921e-05,11694721
"29","2020/04/06",58,1,553,19,4.72862926785513e-05,4.95950266791316e-06,3.75383046761013e-05,11694721
"30","2020/04/07",21,3,574,22,4.90819746790026e-05,1.79568200045131e-06,3.42889753419513e-05,11694721
"31","2020/04/08",22,0,596,22,5.09631653461421e-05,1.88119066713947e-06,3.61701660090908e-05,11694721
"32","2020/04/09",27,1,623,23,5.32718993467223e-05,2.30873400058026e-06,3.38614320085105e-05,11694721
"33","2020/04/10",20,2,643,25,5.49820726804855e-05,1.71017333376316e-06,3.55716053422737e-05,11694721
"34","2020/04/11",28,0,671,25,5.73763153477539e-05,2.39424266726842e-06,3.3604906008446e-05,11694721
"35","2020/04/12",14,3,685,28,5.85734366813881e-05,1.19712133363421e-06,3.18947326746829e-05,11694721
"36","2020/04/13",22,3,707,31,6.04546273485276e-05,1.88119066713947e-06,2.95004900074145e-05,11694721
"37","2020/04/14",19,3,726,34,6.20792920156026e-05,1.624664667075e-06,2.83888773404684e-05,11694721
"38","2020/04/15",21,0,747,34,6.38749740160539e-05,1.79568200045131e-06,2.49685306729421e-05,11694721
"39","2020/04/16",33,1,780,35,6.66967600167631e-05,2.82178600070921e-06,2.77903166736513e-05,11694721
"40","2020/04/17",42,2,822,37,7.02881240176658e-05,3.59136400090263e-06,2.79613340070276e-05,11694721
"41","2020/04/18",42,0,864,37,7.38794880185684e-05,3.59136400090263e-06,2.65931953400171e-05,11694721
"42","2020/04/19",2,0,866,37,7.40505053519447e-05,1.71017333376316e-07,2.49685306729421e-05,11694721
"43","2020/04/20",13,1,879,38,7.51621180188907e-05,1.11161266694605e-06,2.41989526727487e-05,11694721
"44","2020/04/21",5,0,884,38,7.55896613523315e-05,4.27543333440789e-07,2.23177620056092e-05,11694721
"45","2020/04/22",17,0,901,38,7.70433086860302e-05,1.45364733369868e-06,2.20612360055447e-05,11694721
"46","2020/04/23",0,0,901,38,7.70433086860302e-05,0,1.96669933382763e-05,11694721
"47","2020/04/24",17,0,918,38,7.84969560197289e-05,1.45364733369868e-06,1.99235193383408e-05,11694721
"48","2020/04/25",4,0,922,38,7.88389906864815e-05,3.42034666752631e-07,1.83843633379539e-05,11694721
"49","2020/04/26",17,0,939,38,8.02926380201802e-05,1.45364733369868e-06,1.82133460045776e-05,11694721
"50","2020/04/27",10,0,949,38,8.11477246870618e-05,8.55086666881578e-07,1.72727506710079e-05,11694721
"51","2020/04/28",18,1,967,39,8.26868806874486e-05,1.53915600038684e-06,1.59901206706855e-05,11694721
"52","2020/04/29",8,1,975,40,8.33709500209539e-05,6.84069333505263e-07,1.30828260032882e-05,11694721
"53","2020/04/30",5,0,980,40,8.37984933543947e-05,4.27543333440789e-07,9.91900533582631e-06,11694721
"54","2020/05/01",14,0,994,40,8.49956146880289e-05,1.19712133363421e-06,1.09451093360842e-05,11694721
"55","2020/05/02",4,1,998,41,8.53376493547815e-05,3.42034666752631e-07,1.01755313358908e-05,11694721
"56","2020/05/03",11,1,1009,42,8.62782446883513e-05,9.40595333569736e-07,1.06885833360197e-05,11694721
"57","2020/05/04",4,0,1013,42,8.66202793551039e-05,3.42034666752631e-07,9.57697066907368e-06,11694721
"58","2020/05/05",5,1,1018,43,8.70478226885447e-05,4.27543333440789e-07,1.00045140025145e-05,11694721
"59","2020/05/06",4,0,1022,43,8.73898573552973e-05,3.42034666752631e-07,8.89290133556842e-06,11694721
"60","2020/05/07",3,0,1025,43,8.76463833553618e-05,2.56526000064474e-07,8.80739266888026e-06,11694721
"61","2020/05/08",1,1,1026,44,8.773189202205e-05,8.55086666881578e-08,7.43925400186973e-06,11694721
"62","2020/05/09",4,1,1030,45,8.80739266888026e-05,3.42034666752631e-07,6.92620200174079e-06,11694721
"63","2020/05/10",2,0,1032,45,8.82449440221789e-05,1.71017333376316e-07,5.55806333473026e-06,11694721
"64","2020/05/11",0,0,1032,45,8.82449440221789e-05,0,4.873994001225e-06,11694721
"65","2020/05/12",0,0,1032,45,8.82449440221789e-05,0,4.44645066778421e-06,11694721
"66","2020/05/13",0,0,1032,45,8.82449440221789e-05,0,3.24932933415e-06,11694721
"67","2020/05/14",0,0,1032,45,8.82449440221789e-05,0,2.90729466739737e-06,11694721
"68","2020/05/15",0,0,1032,45,8.82449440221789e-05,0,1.96669933382763e-06,11694721
"69","2020/05/16",3,0,1035,45,8.85014700222434e-05,2.56526000064474e-07,1.88119066713947e-06,11694721
"70","2020/05/17",0,0,1035,45,8.85014700222434e-05,0,1.45364733369868e-06,11694721
"71","2020/05/18",2,0,1037,45,8.86724873556197e-05,1.71017333376316e-07,1.28263000032237e-06,11694721
"72","2020/05/19",6,1,1043,46,8.91855393557486e-05,5.13052000128947e-07,1.53915600038684e-06,11694721
"73","2020/05/20",1,1,1044,47,8.92710480224368e-05,8.55086666881578e-08,1.53915600038684e-06,11694721
"74","2020/05/21",1,0,1045,47,8.93565566891249e-05,8.55086666881578e-08,1.28263000032237e-06,11694721
"75","2020/05/22",1,0,1046,47,8.94420653558131e-05,8.55086666881578e-08,1.19712133363421e-06,11694721
"76","2020/05/23",2,0,1048,47,8.96130826891894e-05,1.71017333376316e-07,1.36813866701053e-06,11694721
"77","2020/05/24",0,1,1048,48,8.96130826891894e-05,0,1.36813866701053e-06,11694721
"78","2020/05/25",3,0,1051,48,8.98696086892539e-05,2.56526000064474e-07,1.624664667075e-06,11694721
"79","2020/05/26",0,0,1051,48,8.98696086892539e-05,0,1.624664667075e-06,11694721
"80","2020/05/27",0,0,1051,48,8.98696086892539e-05,0,1.624664667075e-06,11694721
"81","2020/05/28",0,0,1051,48,8.98696086892539e-05,0,1.36813866701053e-06,11694721
"82","2020/05/29",17,0,1068,48,9.13232560229526e-05,1.45364733369868e-06,2.82178600070921e-06,11694721
"83","2020/05/30",3,0,1071,48,9.1579782023017e-05,2.56526000064474e-07,2.90729466739737e-06,11694721
"84","2020/05/31",5,0,1076,48,9.20073253564578e-05,4.27543333440789e-07,2.82178600070921e-06,11694721
"85","2020/06/01",1,0,1077,48,9.2092834023146e-05,8.55086666881578e-08,2.82178600070921e-06,11694721
"86","2020/06/02",7,0,1084,48,9.26913946899631e-05,5.98560666817105e-07,3.33483800083816e-06,11694721
"87","2020/06/03",2,0,1086,48,9.28624120233394e-05,1.71017333376316e-07,3.42034666752631e-06,11694721
"88","2020/06/04",1,1,1087,49,9.29479206900276e-05,8.55086666881578e-08,3.33483800083816e-06,11694721
"89","2020/06/05",0,0,1087,49,9.29479206900276e-05,0,3.33483800083816e-06,11694721
"90","2020/06/06",0,0,1087,49,9.29479206900276e-05,0,3.07831200077368e-06,11694721
"91","2020/06/07",0,0,1087,49,9.29479206900276e-05,0,3.07831200077368e-06,11694721
"92","2020/06/08",0,0,1087,49,9.29479206900276e-05,0,3.07831200077368e-06,11694721
"93","2020/06/09",0,0,1087,49,9.29479206900276e-05,0,3.07831200077368e-06,11694721
"94","2020/06/10",0,0,1087,49,9.29479206900276e-05,0,1.624664667075e-06,11694721
"95","2020/06/11",0,0,1087,49,9.29479206900276e-05,0,1.36813866701053e-06,11694721
"96","2020/06/12",0,0,1087,49,9.29479206900276e-05,0,9.40595333569736e-07,11694721
"97","2020/06/13",6,0,1093,49,9.34609726901565e-05,5.13052000128947e-07,1.36813866701053e-06,11694721
"98","2020/06/14",1,0,1094,49,9.35464813568447e-05,8.55086666881578e-08,8.55086666881578e-07,11694721
"99","2020/06/15",2,0,1096,49,9.3717498690221e-05,1.71017333376316e-07,8.55086666881578e-07,11694721
"100","2020/06/16",14,0,1110,49,9.49146200238552e-05,1.19712133363421e-06,1.96669933382763e-06,11694721
"101","2020/06/17",15,0,1125,49,9.61972500241776e-05,1.28263000032237e-06,3.24932933415e-06,11694721
"102","2020/06/18",3,1,1128,50,9.64537760242421e-05,2.56526000064474e-07,3.50585533421447e-06,11694721
"103","2020/06/19",4,0,1132,50,9.67958106909947e-05,3.42034666752631e-07,3.8478900009671e-06,11694721
"104","2020/06/20",14,0,1146,50,9.79929320246289e-05,1.19712133363421e-06,5.04501133460131e-06,11694721
"105","2020/06/21",10,0,1156,50,9.88480186915105e-05,8.55086666881578e-07,5.90009800148289e-06,11694721
"106","2020/06/22",1,0,1157,50,9.89335273581986e-05,8.55086666881578e-08,5.98560666817105e-06,11694721
"107","2020/06/23",2,0,1159,50,9.91045446915749e-05,1.71017333376316e-07,6.15662400154737e-06,11694721
"108","2020/06/24",0,0,1159,50,9.91045446915749e-05,0,6.15662400154737e-06,11694721
"109","2020/06/25",1,0,1160,50,9.91900533582631e-05,8.55086666881578e-08,5.72908066810658e-06,11694721
"110","2020/06/26",2,0,1162,50,9.93610706916394e-05,1.71017333376316e-07,5.81458933479473e-06,11694721
"111","2020/06/27",2,0,1164,50,9.95320880250157e-05,1.71017333376316e-07,5.81458933479473e-06,11694721
"112","2020/06/28",4,0,1168,50,9.98741226917684e-05,3.42034666752631e-07,4.95950266791316e-06,11694721
"113","2020/06/29",1,0,1169,50,9.99596313584565e-05,8.55086666881578e-08,3.76238133427895e-06,11694721
"114","2020/06/30",3,0,1172,50,0.000100216157358521,2.56526000064474e-07,3.76238133427895e-06,11694721
"115","2020/07/01",2,0,1174,50,0.000100387174691897,1.71017333376316e-07,3.59136400090263e-06,11694721
"116","2020/07/02",1,0,1175,50,0.000100472683358585,8.55086666881578e-08,2.47975133395658e-06,11694721
"117","2020/07/03",3,0,1178,50,0.00010072920935865,2.56526000064474e-07,1.88119066713947e-06,11694721
"118","2020/07/04",3,0,1181,50,0.000100985735358714,2.56526000064474e-07,2.05220800051579e-06,11694721
"119","2020/07/05",5,0,1186,50,0.000101413278692155,4.27543333440789e-07,2.30873400058026e-06,11694721
"120","2020/07/06",2,0,1188,50,0.000101584296025532,1.71017333376316e-07,2.47975133395658e-06,11694721
"121","2020/07/07",11,0,1199,50,0.000102524891359101,9.40595333569736e-07,3.33483800083816e-06,11694721
"122","2020/07/08",6,0,1205,50,0.00010303794335923,5.13052000128947e-07,3.67687266759079e-06,11694721
"123","2020/07/09",16,0,1221,50,0.000104406082026241,1.36813866701053e-06,4.873994001225e-06,11694721
"124","2020/07/10",10,0,1231,50,0.000105261168693122,8.55086666881578e-07,5.38704600135394e-06,11694721
"125","2020/07/11",9,0,1240,50,0.000106030746693316,7.69578000193421e-07,6.07111533485921e-06,11694721
"126","2020/07/12",5,0,1245,50,0.000106458290026757,4.27543333440789e-07,6.24213266823552e-06,11694721
"127","2020/07/13",18,0,1263,50,0.000107997446027143,1.53915600038684e-06,7.61027133524605e-06,11694721
"128","2020/07/14",39,0,1302,50,0.000111332284027982,3.33483800083816e-06,1.0859600669396e-05,11694721
"129","2020/07/15",4,0,1306,50,0.000111674318694734,3.42034666752631e-07,1.09451093360842e-05,11694721
"130","2020/07/16",13,0,1319,50,0.00011278593136168,1.11161266694605e-06,1.18001960029658e-05,11694721
"131","2020/07/17",8,0,1327,50,0.000113470000695185,6.84069333505263e-07,1.20567220030303e-05,11694721
"132","2020/07/18",9,0,1336,50,0.000114239578695379,7.69578000193421e-07,1.26552826698474e-05,11694721
"133","2020/07/19",12,0,1348,50,0.000115265682695637,1.02610400025789e-06,1.27407913365355e-05,11694721
"134","2020/07/20",26,0,1374,50,0.000117488908029529,2.2232253338921e-06,1.44509646702987e-05,11694721
"135","2020/07/21",7,0,1381,50,0.000118087468696346,5.98560666817105e-07,1.36813866701053e-05,11694721
