"","date","cases","deaths","cum_cases","cum_deaths","p_cases","p_cases_daily","p_cases_active","population"
"1","2020/03/16",6,0,6,0,1.81918981472007e-07,1.81918981472007e-07,1.81918981472007e-07,32981715
"2","2020/03/17",2,0,8,0,2.42558641962675e-07,6.06396604906688e-08,2.42558641962675e-07,32981715
"3","2020/03/18",8,0,16,0,4.85117283925351e-07,2.42558641962675e-07,4.85117283925351e-07,32981715
"4","2020/03/19",7,0,23,0,6.97356095642692e-07,2.12238811717341e-07,6.97356095642692e-07,32981715
"5","2020/03/20",0,0,23,0,6.97356095642692e-07,0,6.97356095642692e-07,32981715
"6","2020/03/21",10,0,33,0,1.00055439809604e-06,3.03198302453344e-07,1.00055439809604e-06,32981715
"7","2020/03/22",0,0,33,0,1.00055439809604e-06,0,1.00055439809604e-06,32981715
"8","2020/03/23",13,0,46,0,1.39471219128538e-06,3.94157793189348e-07,1.39471219128538e-06,32981715
"9","2020/03/24",3,0,49,0,1.48567168202139e-06,9.09594907360033e-08,1.48567168202139e-06,32981715
"10","2020/03/25",6,0,55,0,1.66759066349339e-06,1.81918981472007e-07,1.66759066349339e-06,32981715
"11","2020/03/26",10,0,65,0,1.97078896594674e-06,3.03198302453344e-07,1.97078896594674e-06,32981715
"12","2020/03/27",18,0,83,0,2.51654591036276e-06,5.4575694441602e-07,2.51654591036276e-06,32981715
"13","2020/03/28",21,0,104,0,3.15326234551478e-06,6.36716435152023e-07,2.97134336404277e-06,32981715
"14","2020/03/29",29,1,133,1,4.03253742262948e-06,8.79275077114698e-07,3.7899787806668e-06,32981715
"15","2020/03/30",12,0,145,1,4.39637538557349e-06,3.63837962944013e-07,3.91125810164814e-06,32981715
"16","2020/03/31",4,1,149,2,4.51765470655483e-06,1.21279320981338e-07,3.82029861091214e-06,32981715
"17","2020/04/01",24,0,173,2,5.24533063244285e-06,7.27675925888026e-07,4.54797453680016e-06,32981715
"18","2020/04/02",14,0,187,2,5.66980825587754e-06,4.24477623434682e-07,4.6692538577815e-06,32981715
"19","2020/04/03",3,0,190,2,5.76076774661354e-06,9.09594907360033e-08,4.7602133485175e-06,32981715
"20","2020/04/04",37,0,227,2,6.88260146569091e-06,1.12183371907737e-06,5.48788927440553e-06,32981715
"21","2020/04/05",39,0,266,2,8.06507484525896e-06,1.18247337956804e-06,6.57940316323757e-06,32981715
"22","2020/04/06",76,0,342,2,1.03693819439044e-05,2.30430709864542e-06,8.70179128041098e-06,32981715
"23","2020/04/07",55,0,397,2,1.20369726073978e-05,1.66759066349339e-06,1.0066183641451e-05,32981715
"24","2020/04/08",107,0,504,2,1.52811944436485e-05,3.24422183625078e-06,1.27646485332858e-05,32981715
"25","2020/04/09",51,1,555,3,1.68275057861606e-05,1.54631134251206e-06,1.36742434406458e-05,32981715
"26","2020/04/10",27,0,582,3,1.76461412027846e-05,8.18635416624029e-07,1.36136037801552e-05,32981715
"27","2020/04/11",42,0,624,3,1.89195740730887e-05,1.27343287030405e-06,1.45231986875152e-05,32981715
"28","2020/04/12",172,1,796,4,2.41345848752862e-05,5.21501080219752e-06,1.96169301687314e-05,32981715
"29","2020/04/13",69,0,865,4,2.62266531622143e-05,2.09206828692808e-06,2.09813225297714e-05,32981715
"30","2020/04/14",133,0,998,4,3.02591905848438e-05,4.03253742262948e-06,2.45893823289662e-05,32981715
"31","2020/04/15",167,0,1165,4,3.53226022358146e-05,5.06341165097085e-06,2.95618344892011e-05,32981715
"32","2020/04/16",137,0,1302,4,3.94764189794254e-05,4.15381674361082e-06,3.25938175137345e-05,32981715
"33","2020/04/17",78,0,1380,4,4.18413657385615e-05,2.36494675913609e-06,3.37762908933025e-05,32981715
"34","2020/04/18",70,0,1450,4,4.39637538557349e-05,2.12238811717341e-06,3.35943719118305e-05,32981715
"35","2020/04/19",45,1,1495,5,4.5328146216775e-05,1.36439236104005e-06,3.32911736093772e-05,32981715
"36","2020/04/20",70,0,1565,5,4.74505343339484e-05,2.12238811717341e-06,3.21693398902998e-05,32981715
"37","2020/04/21",92,0,1657,5,5.02399587165191e-05,2.78942438257077e-06,3.34124529303585e-05,32981715
"38","2020/04/22",35,1,1692,6,5.13011527751058e-05,1.0611940585867e-06,3.36550115723212e-05,32981715
"39","2020/04/23",24,1,1716,7,5.20288287009939e-05,7.27675925888026e-07,3.31092546279052e-05,32981715
"40","2020/04/24",62,0,1778,7,5.39086581762046e-05,1.87982947521073e-06,2.97740733009184e-05,32981715
"41","2020/04/25",58,1,1836,8,5.5667208330434e-05,1.7585501542294e-06,2.94405551682197e-05,32981715
"42","2020/04/26",29,0,1865,8,5.65464834075487e-05,8.79275077114698e-07,2.62872928227049e-05,32981715
"43","2020/04/27",22,0,1887,8,5.72135196729461e-05,6.67036265397357e-07,2.18909174371315e-05,32981715
"44","2020/04/28",17,0,1904,8,5.77289567871167e-05,5.15437114170685e-07,1.82525378076913e-05,32981715
"45","2020/04/29",35,0,1939,8,5.87901508457034e-05,1.0611940585867e-06,1.69487851071419e-05,32981715
"46","2020/04/30",63,1,2002,9,6.07003001511595e-05,1.91014930545607e-06,1.67365462954246e-05,32981715
"47","2020/05/01",44,0,2046,9,6.20343726819542e-05,1.33407253079471e-06,1.67062264651793e-05,32981715
"48","2020/05/02",48,0,2094,9,6.34897245337303e-05,1.45535185177605e-06,1.60391901997819e-05,32981715
"49","2020/05/03",33,0,2127,9,6.44902789318263e-05,1.00055439809604e-06,1.42503202153072e-05,32981715
"50","2020/05/04",22,1,2149,10,6.51573151972237e-05,6.67036265397357e-07,1.38561624221178e-05,32981715
"51","2020/05/05",40,0,2189,10,6.63701084070371e-05,1.21279320981338e-06,1.43412797060432e-05,32981715
"52","2020/05/06",18,0,2207,10,6.69158653514531e-05,5.4575694441602e-07,1.30072071752485e-05,32981715
"53","2020/05/07",26,0,2233,10,6.77041809378318e-05,7.88315586378695e-07,1.20369726073978e-05,32981715
"54","2020/05/08",65,0,2298,10,6.96749699037785e-05,1.97078896594674e-06,1.31284864962298e-05,32981715
"55","2020/05/09",38,0,2336,10,7.08271234531012e-05,1.15215354932271e-06,1.36136037801552e-05,32981715
"56","2020/05/10",51,0,2387,10,7.23734347956133e-05,1.54631134251206e-06,1.46444780084965e-05,32981715
"57","2020/05/11",31,0,2418,10,7.33133495332186e-05,9.39914737605367e-07,1.45231986875152e-05,32981715
"58","2020/05/12",91,0,2509,10,7.60724540855441e-05,2.75910455232543e-06,1.53721539343846e-05,32981715
"59","2020/05/13",38,0,2547,10,7.72246076348668e-05,1.15215354932271e-06,1.51902349529125e-05,32981715
"60","2020/05/14",65,1,2612,11,7.91953966008135e-05,1.97078896594674e-06,1.57056720670832e-05,32981715
"61","2020/05/15",33,0,2645,11,8.01959509989095e-05,1.00055439809604e-06,1.57056720670832e-05,32981715
"62","2020/05/16",46,0,2691,11,8.15906631901949e-05,1.39471219128538e-06,1.64333479929713e-05,32981715
"63","2020/05/17",50,0,2741,11,8.31066547024617e-05,1.51599151226672e-06,1.67365462954246e-05,32981715
"64","2020/05/18",12,1,2753,12,8.34704926654057e-05,3.63837962944013e-07,1.65546273139526e-05,32981715
"65","2020/05/19",49,1,2802,13,8.49561643474271e-05,1.48567168202139e-06,1.72519834095953e-05,32981715
"66","2020/05/20",78,0,2880,13,8.73211111065631e-05,2.36494675913609e-06,1.76461412027846e-05,32981715
"67","2020/05/21",70,0,2950,13,8.94434992237365e-05,2.12238811717341e-06,1.86163757706353e-05,32981715
"68","2020/05/22",56,0,3006,13,9.11414097174753e-05,1.69791049373873e-06,1.8767974921862e-05,32981715
"69","2020/05/23",72,0,3078,13,9.33244374951393e-05,2.18302777766408e-06,2.00110879619207e-05,32981715
"70","2020/05/24",54,0,3132,13,9.49617083283874e-05,1.63727083324806e-06,1.88892542428433e-05,32981715
"71","2020/05/25",32,0,3164,13,9.59319428962381e-05,9.70234567850701e-07,1.87073352613713e-05,32981715
"72","2020/05/26",97,0,3261,13,9.88729664300356e-05,2.94102353379744e-06,1.9677569829222e-05,32981715
"73","2020/05/27",72,1,3333,14,0.0001010559942077,2.18302777766408e-06,2.08600432087901e-05,32981715
"74","2020/05/28",0,0,3333,14,0.0001010559942077,0,1.94653310175047e-05,32981715
"75","2020/05/29",111,0,3444,14,0.000104421495364932,3.36550115723212e-06,2.13148406624701e-05,32981715
"76","2020/05/30",69,0,3513,14,0.00010651356365186,2.09206828692808e-06,2.30430709864542e-05,32981715
"77","2020/05/31",41,0,3554,14,0.000107756676691919,1.24311304005871e-06,2.28005123444915e-05,32981715
"78","2020/06/01",108,1,3662,15,0.000111031218358415,3.27454166649612e-06,2.37101072518515e-05,32981715
"79","2020/06/02",56,0,3718,15,0.000112729128852153,1.69791049373873e-06,2.32856296284168e-05,32981715
"80","2020/06/03",51,0,3769,15,0.000114275440194665,1.54631134251206e-06,2.31340304771902e-05,32981715
"81","2020/06/04",105,1,3874,16,0.000117459022370426,3.18358217576011e-06,2.41345848752862e-05,32981715
"82","2020/06/05",91,0,3965,16,0.000120218126922751,2.75910455232543e-06,2.52564185943636e-05,32981715
"83","2020/06/06",57,0,4022,16,0.000121946357246735,1.72823032398406e-06,2.60144143504969e-05,32981715
"84","2020/06/07",159,1,4181,17,0.000126767210255743,4.82085300900817e-06,2.78942438257077e-05,32981715
"85","2020/06/08",171,0,4352,17,0.000131951901227695,5.18469097195219e-06,3.08959070199958e-05,32981715
"86","2020/06/09",96,1,4448,18,0.000134862604931248,2.9107037035521e-06,3.38066107235479e-05,32981715
"87","2020/06/10",99,0,4547,18,0.000137864268125536,3.00166319428811e-06,3.34427727606039e-05,32981715
"88","2020/06/11",148,1,4695,19,0.000142351603001845,4.48733487630949e-06,3.58380393499853e-05,32981715
"89","2020/06/12",124,0,4819,19,0.000146111261952267,3.75965895042147e-06,3.8354585260348e-05,32981715
"90","2020/06/13",82,0,4901,19,0.000148597488032384,2.48622608011742e-06,3.75662696739694e-05,32981715
"91","2020/06/14",93,0,4994,19,0.0001514172322452,2.8197442128161e-06,3.86881033930467e-05,32981715
"92","2020/06/15",109,0,5103,19,0.000154722093741942,3.30486149674145e-06,4.04466535472761e-05,32981715
"93","2020/06/16",190,0,5293,19,0.000160482861488555,5.76076774661354e-06,4.30238391181295e-05,32981715
"94","2020/06/17",268,0,5561,19,0.000168608575994305,8.12571450574962e-06,4.83904490715537e-05,32981715
"95","2020/06/18",136,0,5697,19,0.00017273207290767,4.12349691336548e-06,5.07857156609352e-05,32981715
"96","2020/06/19",158,0,5855,19,0.000177522606086433,4.79053317876284e-06,5.07553958306898e-05,32981715
"97","2020/06/20",170,0,6025,19,0.00018267697722814,5.15437114170685e-06,5.07250760004445e-05,32981715
"98","2020/06/21",191,0,6216,19,0.000188468064804999,5.79108757685887e-06,5.36054598737513e-05,32981715
"99","2020/06/22",142,0,6358,19,0.000192773480699836,4.30541589483749e-06,5.49092125743006e-05,32981715
"100","2020/06/23",142,0,6500,19,0.000197078896594674,4.30541589483749e-06,5.47272935928286e-05,32981715
"101","2020/06/24",255,0,6755,19,0.000204810453307234,7.73155671256028e-06,5.86991913549674e-05,32981715
"102","2020/06/25",235,0,6990,19,0.000211935613414888,7.12516010765359e-06,6.33381253825036e-05,32981715
"103","2020/06/26",238,1,7228,20,0.000219151733013277,7.21611959838959e-06,6.77345007680771e-05,32981715
"104","2020/06/27",262,0,7490,20,0.000227095528537555,7.94379552427762e-06,7.23734347956133e-05,32981715
"105","2020/06/28",235,0,7725,20,0.000234220688645208,7.12516010765359e-06,7.37378271566533e-05,32981715
"106","2020/06/29",306,2,8031,22,0.000243498556700281,9.27786805507233e-06,7.4889980705976e-05,32981715
"107","2020/06/30",267,2,8298,24,0.000251593951375785,8.09539467550429e-06,7.88618784681148e-05,32981715
"108","2020/07/01",329,2,8627,26,0.0002615691755265,9.97522415071502e-06,8.4046569440067e-05,32981715
"109","2020/07/02",277,0,8904,26,0.000269967768504458,8.39859297795763e-06,8.72907912763178e-05,32981715
"110","2020/07/03",295,1,9199,27,0.000278912118426831,8.94434992237365e-06,9.04440536218326e-05,32981715
"111","2020/07/04",301,2,9500,29,0.000288038387330677,9.12626890384566e-06,9.52649066308408e-05,32981715
"112","2020/07/05",329,2,9829,31,0.000298013611481392,9.97522415071502e-06,0.000100934714886718,32981715
"113","2020/07/06",314,4,10143,35,0.000307534038178427,9.52042669703501e-06,0.000102723584871193,32981715
"114","2020/07/07",316,3,10459,38,0.000317115104535953,9.58106635752568e-06,0.000105179491121065,32981715
"115","2020/07/08",379,3,10838,41,0.000328606320198934,1.14912156629817e-05,0.000109454587185657,32981715
"116","2020/07/09",421,6,11259,47,0.00034137096873222,1.27646485332858e-05,0.000114275440194665,32981715
"117","2020/07/10",464,5,11723,52,0.000355439369966055,1.40684012338352e-05,0.000121218681320847,32981715
"118","2020/07/11",483,3,12206,55,0.000370083847974552,1.46444780084965e-05,0.000126585291274271,32981715
"119","2020/07/12",307,2,12513,57,0.00037939203585987,9.30818788531767e-06,0.000127798084484085,32981715
"120","2020/07/13",680,4,13193,61,0.000400009520426697,2.06174845668274e-05,0.000138440344900197,32981715
"121","2020/07/14",679,3,13872,64,0.000420596685163279,2.05871647365821e-05,0.000150628916658821,32981715
"122","2020/07/15",421,4,14293,68,0.000433361333696565,1.27646485332858e-05,0.000154449215269734,32981715
"123","2020/07/16",494,4,14787,72,0.00044833932983776,1.49779961411952e-05,0.000160300942507083,32981715
"124","2020/07/17",562,4,15349,76,0.000465379074435638,1.70397445978779e-05,0.000167365462954246,32981715
"125","2020/07/18",547,4,15896,80,0.000481964021579836,1.65849471441979e-05,0.000174429983401409,32981715
"126","2020/07/19",533,4,16429,84,0.000498124491100599,1.61604695207632e-05,0.000181009386564646,32981715
"127","2020/07/20",537,4,16966,88,0.000514406239942344,1.62817488417446e-05,0.000185799919743409,32981715
"128","2020/07/21",624,4,17590,92,0.000533325814015433,1.89195740730887e-05,0.000191954845283212,32981715
